348,1719,349,2,1
631,1682,630,1,2
686,1652,708,3,0
687,1652,709,3,0
731,1672,709,0,3
753,1672,731,0,3
775,1672,774,1,2
785,1672,786,2,1
1140,1594,1141,2,1
1423,1807,1422,1,2
1478,1777,1500,3,0
1479,1777,1501,3,0
1523,1797,1501,0,3
1545,1797,1523,0,3
1567,1797,1566,1,2
1577,1797,1578,2,1
1584,1709,312,0,4
1584,1797,71,0,4
1585,1710,268,0,4
1585,1797,27,0,4
1585,1831,224,0,4
1586,1711,312,0,4
1587,1712,312,0,4
1587,1797,71,0,4
1588,1713,312,0,4
1589,1714,356,0,4
1590,1715,312,0,4
1590,1797,71,0,4
1591,1716,377,0,4
1592,1717,377,0,4
1593,1718,356,0,4
1594,1719,421,0,4
1595,1720,356,0,4
1596,1721,356,0,4
1596,1797,28,0,4
1597,1722,356,0,4
1597,1797,28,0,4
1598,1723,421,0,4
1598,1797,28,0,4
1599,1724,400,0,4
1600,1725,356,0,4
1601,1726,400,0,4
1602,1727,400,0,4
1603,1728,400,0,4
1604,1729,444,0,4
1605,1730,400,0,4
1606,1731,465,0,4
1607,1732,444,0,4
1608,1733,444,0,4
1609,1734,488,0,4
1610,1735,444,0,4
1611,1736,444,0,4
1612,1737,509,0,4
1613,1738,509,0,4
1614,1739,488,0,4
1615,1740,444,0,4
1616,1741,488,0,4
1617,1742,488,0,4
1618,1743,488,0,4
1620,1745,488,0,4
1625,1750,532,0,4
1632,1663,423,0,4
1652,1664,490,0,4
1652,1667,403,0,4
1652,1668,490,0,4
1652,1670,708,0,4
1652,1694,708,0,4
1652,1699,708,0,4
1652,1701,621,0,4
1652,1702,621,0,4
1652,1703,708,0,4
1652,1705,708,0,4
1662,1664,752,0,4
1662,1787,381,0,4
1663,1632,424,0,4
1663,1788,381,0,4
1664,1652,468,0,4
1664,1662,752,0,4
1664,1789,425,0,4
1665,1790,424,0,4
1667,1652,403,0,4
1668,1652,468,0,4
1668,1793,381,0,4
1669,1794,425,0,4
1670,1795,468,0,4
1671,1796,425,0,4
1672,1690,840,0,4
1672,1692,840,0,4
1672,1694,774,0,4
1672,1695,840,0,4
1672,1700,622,0,4
1672,1704,709,0,4
1672,1705,687,0,4
1672,1706,840,0,4
1672,1707,709,0,4
1672,1708,709,0,4
1672,1709,840,0,4
1672,1710,840,0,4
1672,1711,709,0,4
1672,1712,840,0,4
1672,1713,774,0,4
1672,1714,774,0,4
1672,1715,840,0,4
1672,1716,774,0,4
1672,1717,774,0,4
1672,1718,774,0,4
1672,1720,774,0,4
1672,1721,840,0,4
1672,1722,840,0,4
1672,1723,840,0,4
1672,1797,425,0,4
1673,1798,425,0,4
1674,1799,469,0,4
1675,1800,447,0,4
1676,1801,469,0,4
1677,1802,469,0,4
1678,1803,469,0,4
1680,1805,491,0,4
1681,1806,469,0,4
1682,1807,556,0,4
1684,1809,513,0,4
1685,1810,556,0,4
1687,1812,513,0,4
1688,1813,513,0,4
1690,1672,818,0,4
1690,1815,600,0,4
1692,1672,862,0,4
1694,1652,710,0,4
1694,1819,601,0,4
1695,1672,862,0,4
1696,1821,557,0,4
1697,1822,601,0,4
1698,1823,601,0,4
1699,1824,645,0,4
1700,1672,644,0,4
1700,1825,644,0,4
1701,1652,623,0,4
1701,1826,601,0,4
1702,1652,623,0,4
1702,1827,601,0,4
1703,1828,601,0,4
1704,1829,645,0,4
1705,1672,688,0,4
1705,1830,688,0,4
1706,1672,819,0,4
1706,1710,1016,0,4
1706,1831,645,0,4
1707,1832,645,0,4
1708,1833,645,0,4
1709,1584,689,0,4
1709,1672,863,0,4
1710,1585,667,0,4
1710,1672,819,0,4
1710,1706,1016,0,4
1711,1586,689,0,4
1712,1587,689,0,4
1712,1672,863,0,4
1713,1588,689,0,4
1714,1589,733,0,4
1715,1590,711,0,4
1715,1672,863,0,4
1716,1591,689,0,4
1717,1592,776,0,4
1718,1593,733,0,4
1719,1594,820,0,4
1720,1595,776,0,4
1721,1596,733,0,4
1721,1672,820,0,4
1722,1597,733,0,4
1722,1672,820,0,4
1723,1598,733,0,4
1723,1672,820,0,4
1724,1599,777,0,4
1725,1600,820,0,4
1726,1601,777,0,4
1727,1602,777,0,4
1728,1603,777,0,4
1729,1604,821,0,4
1730,1605,799,0,4
1731,1606,777,0,4
1732,1607,821,0,4
1733,1608,821,0,4
1734,1609,865,0,4
1735,1610,864,0,4
1736,1611,821,0,4
1737,1612,908,0,4
1738,1613,821,0,4
1739,1614,865,0,4
1740,1615,908,0,4
1741,1616,865,0,4
1742,1617,865,0,4
1743,1618,865,0,4
1745,1620,887,0,4
1750,1625,931,0,4
1757,1788,1215,0,4
1777,1789,1282,0,4
1777,1792,1195,0,4
1777,1793,1282,0,4
1777,1795,1500,0,4
1777,1819,1500,0,4
1777,1824,1500,0,4
1777,1826,1413,0,4
1777,1827,1413,0,4
1777,1828,1500,0,4
1777,1830,1500,0,4
1787,1662,4,0,4
1787,1789,1544,0,4
1788,1663,4,0,4
1788,1757,1216,0,4
1789,1664,48,0,4
1789,1777,1260,0,4
1789,1787,1544,0,4
1790,1665,4,0,4
1792,1777,1195,0,4
1793,1668,69,0,4
1793,1777,1260,0,4
1794,1669,48,0,4
1795,1670,4,0,4
1796,1671,48,0,4
1797,1584,48,0,4
1797,1585,48,0,4
1797,1586,1501,0,4
1797,1587,48,0,4
1797,1588,1566,0,4
1797,1589,1566,0,4
1797,1590,48,0,4
1797,1591,1566,0,4
1797,1592,1566,0,4
1797,1593,1566,0,4
1797,1595,1566,0,4
1797,1596,48,0,4
1797,1597,48,0,4
1797,1598,48,0,4
1797,1672,48,0,4
1797,1815,48,0,4
1797,1817,48,0,4
1797,1819,1566,0,4
1797,1820,48,0,4
1797,1825,1414,0,4
1797,1829,1501,0,4
1797,1830,1479,0,4
1797,1831,48,0,4
1797,1832,1501,0,4
1797,1833,1501,0,4
1798,1673,48,0,4
1799,1674,92,0,4
1800,1675,48,0,4
1801,1676,92,0,4
1802,1677,92,0,4
1803,1678,92,0,4
1805,1680,92,0,4
1806,1681,157,0,4
1807,1682,157,0,4
1809,1684,201,0,4
1810,1685,136,0,4
1812,1687,136,0,4
1813,1688,201,0,4
1815,1690,136,0,4
1815,1797,26,0,4
1817,1797,70,0,4
1819,1694,224,0,4
1819,1777,1502,0,4
1820,1797,70,0,4
1821,1696,245,0,4
1822,1697,224,0,4
1823,1698,224,0,4
1824,1699,268,0,4
1825,1700,224,0,4
1825,1797,1436,0,4
1826,1701,224,0,4
1826,1777,1415,0,4
1827,1702,224,0,4
1827,1777,1415,0,4
1828,1703,289,0,4
1829,1704,268,0,4
1830,1705,224,0,4
1830,1797,1480,0,4
1831,1585,224,0,4
1831,1706,268,0,4
1831,1797,27,0,4
1832,1707,268,0,4
1833,1708,268,0,4
