3,1735,1565,3,3
5,1818,1818,4,0
18,1735,1580,3,3
25,1735,3,0,2
40,1735,18,0,2
47,1735,25,0,3
62,1735,40,0,3
69,1735,47,0,3
83,1808,105,3,0
84,1735,62,0,3
91,1735,69,0,3
106,1735,84,0,3
113,1735,91,0,3
128,1735,106,0,3
135,1735,113,0,3
150,1735,128,0,3
157,1735,135,0,3
172,1735,150,0,3
179,1735,157,0,3
191,1735,192,2,1
194,1735,172,0,3
201,1735,179,0,3
213,1735,214,2,1
216,1735,194,0,3
223,1735,201,0,3
236,1735,214,0,3
238,1735,216,0,3
245,1735,223,0,3
260,1735,238,0,3
267,1735,245,0,3
281,1735,259,0,3
282,1735,260,0,3
289,1735,267,0,3
304,1735,282,0,3
311,1735,289,0,3
326,1735,304,0,3
421,1610,443,3,0
436,1610,458,3,0
443,1610,465,3,0
456,1610,478,3,0
457,1610,479,3,0
458,1610,480,3,0
465,1610,1610,4,0
478,1610,479,2,1
479,1610,480,2,1
487,1610,465,0,3
489,1681,490,2,1
490,1681,491,2,1
491,1681,1681,4,0
499,1681,498,1,2
500,1681,499,1,2
502,1610,480,0,3
509,1610,487,0,3
524,1610,502,0,3
531,1610,509,0,3
546,1610,524,0,3
553,1610,531,0,3
555,1639,533,0,3
568,1610,546,0,3
575,1610,553,0,3
577,1639,555,0,3
590,1610,568,0,3
597,1610,575,0,3
599,1639,598,1,2
609,1639,610,2,1
612,1610,590,0,3
619,1610,597,0,3
634,1610,612,0,3
641,1610,619,0,3
656,1610,634,0,3
663,1610,641,0,3
678,1610,656,0,3
685,1610,663,0,3
700,1610,678,0,3
707,1610,685,0,3
722,1610,700,0,3
729,1610,707,0,3
744,1610,722,0,3
751,1610,729,0,3
766,1610,744,0,3
773,1610,751,0,3
788,1610,766,0,3
795,1610,773,0,3
797,1693,1693,4,0
810,1610,788,0,3
817,1610,795,0,3
832,1610,810,0,3
839,1610,817,0,3
854,1610,832,0,3
861,1610,839,0,3
875,1683,897,3,0
876,1610,854,0,3
883,1610,861,0,3
898,1610,876,0,3
905,1610,883,0,3
920,1610,898,0,3
927,1610,905,0,3
942,1610,920,0,3
949,1610,927,0,3
964,1610,942,0,3
971,1610,949,0,3
983,1610,984,2,1
986,1610,964,0,3
993,1610,971,0,3
1005,1610,1006,2,1
1008,1610,986,0,3
1015,1610,993,0,3
1028,1610,1006,0,3
1030,1610,1008,0,3
1037,1610,1015,0,3
1052,1610,1030,0,3
1059,1610,1037,0,3
1073,1610,1051,0,3
1074,1610,1052,0,3
1081,1610,1059,0,3
1096,1610,1074,0,3
1103,1610,1081,0,3
1118,1610,1096,0,3
1213,1735,1235,3,0
1228,1735,1250,3,0
1235,1735,1257,3,0
1248,1735,1270,3,0
1249,1735,1271,3,0
1250,1735,1272,3,0
1257,1735,1735,4,0
1270,1735,1271,2,1
1271,1735,1272,2,1
1279,1735,1257,0,3
1281,1806,1282,2,1
1282,1806,1283,2,1
1283,1806,1806,4,0
1291,1806,1290,1,2
1292,1806,1291,1,2
1294,1735,1272,0,3
1301,1735,1279,0,3
1316,1735,1294,0,3
1323,1735,1301,0,3
1338,1735,1316,0,3
1345,1735,1323,0,3
1347,1764,1325,0,3
1360,1735,1338,0,3
1367,1735,1345,0,3
1369,1764,1347,0,3
1382,1735,1360,0,3
1389,1735,1367,0,3
1391,1764,1390,1,2
1401,1764,1402,2,1
1404,1735,1382,0,3
1411,1735,1389,0,3
1426,1735,1404,0,3
1433,1735,1411,0,3
1448,1735,1426,0,3
1455,1735,1433,0,3
1470,1735,1448,0,3
1477,1735,1455,0,3
1492,1735,1470,0,3
1499,1735,1477,0,3
1514,1735,1492,0,3
1521,1735,1499,0,3
1536,1735,1514,0,3
1543,1735,1521,0,3
1558,1735,1536,0,3
1565,1735,1543,0,3
1580,1735,1558,0,3
1589,1714,356,0,4
1590,1715,312,0,4
1592,1717,356,0,4
1593,1718,356,0,4
1594,1719,421,0,4
1595,1596,312,0,4
1595,1720,356,0,4
1596,1595,312,0,4
1596,1721,356,0,4
1597,1722,356,0,4
1598,1723,421,0,4
1599,1724,400,0,4
1600,1725,356,0,4
1601,1726,400,0,4
1602,1727,400,0,4
1603,1728,400,0,4
1604,1729,444,0,4
1606,1731,444,0,4
1607,1732,444,0,4
1608,1733,444,0,4
1610,1735,444,0,4
1613,1738,488,0,4
1614,1681,488,0,4
1615,1740,488,0,4
1617,1681,488,0,4
1618,1681,488,0,4
1619,1744,532,0,4
1620,1681,488,0,4
1620,1745,488,0,4
1621,1746,532,0,4
1622,1747,532,0,4
1623,1748,532,0,4
1624,1749,576,0,4
1625,1750,532,0,4
1626,1751,597,0,4
1627,1752,576,0,4
1628,1753,576,0,4
1629,1754,620,0,4
1630,1755,576,0,4
1631,1756,576,0,4
1632,1757,576,0,4
1634,1759,620,0,4
1636,1761,620,0,4
1637,1762,620,0,4
1638,1763,620,0,4
1639,1659,664,0,4
1639,1660,446,0,4
1639,1663,664,0,4
1639,1665,446,0,4
1639,1674,533,0,4
1639,1675,511,0,4
1639,1677,664,0,4
1639,1678,533,0,4
1639,1679,664,0,4
1639,1680,664,0,4
1639,1681,533,0,4
1639,1682,533,0,4
1639,1683,533,0,4
1639,1684,598,0,4
1639,1685,664,0,4
1639,1686,598,0,4
1639,1687,598,0,4
1639,1688,598,0,4
1639,1689,664,0,4
1639,1690,598,0,4
1639,1691,664,0,4
1639,1692,664,0,4
1639,1693,664,0,4
1644,1681,490,0,4
1644,1769,293,0,4
1646,1676,577,0,4
1647,1772,293,0,4
1648,1773,293,0,4
1650,1681,490,0,4
1651,1776,293,0,4
1652,1777,293,0,4
1659,1639,686,0,4
1659,1784,796,0,4
1660,1639,446,0,4
1661,1786,817,0,4
1662,1693,796,0,4
1662,1787,796,0,4
1663,1639,686,0,4
1663,1693,796,0,4
1663,1699,665,0,4
1663,1788,796,0,4
1664,1789,840,0,4
1665,1639,424,0,4
1665,1790,796,0,4
1666,1681,491,0,4
1666,1693,796,0,4
1666,1791,796,0,4
1667,1681,491,0,4
1667,1792,796,0,4
1668,1681,491,0,4
1668,1693,796,0,4
1668,1793,861,0,4
1669,1794,840,0,4
1670,1795,796,0,4
1671,1796,840,0,4
1672,1690,840,0,4
1672,1797,840,0,4
1673,1798,840,0,4
1675,1639,512,0,4
1675,1800,840,0,4
1676,1646,578,0,4
1677,1639,643,0,4
1679,1639,687,0,4
1680,1639,643,0,4
1680,1693,797,0,4
1680,1805,491,0,4
1681,1609,491,0,4
1681,1613,491,0,4
1681,1614,491,0,4
1681,1615,491,0,4
1681,1616,491,0,4
1681,1617,491,0,4
1681,1618,491,0,4
1681,1620,491,0,4
1681,1644,491,0,4
1681,1650,491,0,4
1681,1666,491,0,4
1681,1667,491,0,4
1681,1668,491,0,4
1684,1809,513,0,4
1685,1639,687,0,4
1685,1810,928,0,4
1688,1813,513,0,4
1689,1639,644,0,4
1689,1814,972,0,4
1690,1672,818,0,4
1691,1639,644,0,4
1691,1816,972,0,4
1692,1639,644,0,4
1692,1817,972,0,4
1693,1639,644,0,4
1693,1662,797,0,4
1693,1663,797,0,4
1693,1666,797,0,4
1693,1668,797,0,4
1693,1680,797,0,4
1693,1818,972,0,4
1694,1819,1016,0,4
1696,1821,1016,0,4
1697,1822,1016,0,4
1698,1823,1016,0,4
1699,1663,688,0,4
1699,1824,1060,0,4
1700,1825,1016,0,4
1701,1826,1016,0,4
1702,1827,1081,0,4
1703,1828,1060,0,4
1704,1829,1060,0,4
1706,1831,1060,0,4
1707,1832,1060,0,4
1708,1833,1060,0,4
1714,1589,733,0,4
1715,1590,711,0,4
1717,1592,733,0,4
1718,1593,733,0,4
1719,1594,777,0,4
1720,1595,776,0,4
1720,1721,1104,0,4
1721,1596,733,0,4
1721,1720,1104,0,4
1722,1597,733,0,4
1723,1598,733,0,4
1724,1599,777,0,4
1725,1600,820,0,4
1726,1601,777,0,4
1727,1602,777,0,4
1728,1603,777,0,4
1729,1604,821,0,4
1731,1606,821,0,4
1732,1607,821,0,4
1733,1608,821,0,4
1735,1610,821,0,4
1738,1613,821,0,4
1739,1806,1280,0,4
1740,1615,908,0,4
1742,1806,1280,0,4
1743,1806,1280,0,4
1744,1619,909,0,4
1745,1620,952,0,4
1745,1806,1280,0,4
1746,1621,909,0,4
1747,1622,909,0,4
1748,1623,909,0,4
1749,1624,953,0,4
1750,1625,931,0,4
1751,1626,909,0,4
1752,1627,953,0,4
1753,1628,953,0,4
1754,1629,997,0,4
1755,1630,996,0,4
1756,1631,953,0,4
1757,1632,953,0,4
1759,1634,997,0,4
1761,1636,997,0,4
1762,1637,997,0,4
1763,1638,997,0,4
1764,1784,1456,0,4
1764,1785,1238,0,4
1764,1788,1456,0,4
1764,1790,1238,0,4
1764,1799,1325,0,4
1764,1800,1303,0,4
1764,1802,1456,0,4
1764,1803,1325,0,4
1764,1804,1456,0,4
1764,1805,1456,0,4
1764,1806,1325,0,4
1764,1807,1325,0,4
1764,1808,1325,0,4
1764,1809,1390,0,4
1764,1810,1456,0,4
1764,1811,1390,0,4
1764,1812,1390,0,4
1764,1813,1390,0,4
1764,1814,1456,0,4
1764,1815,1390,0,4
1764,1816,1456,0,4
1764,1817,1456,0,4
1764,1818,1456,0,4
1769,1644,1500,0,4
1769,1806,1282,0,4
1771,1801,1369,0,4
1772,1647,1521,0,4
1773,1648,1500,0,4
1775,1806,1282,0,4
1776,1651,1500,0,4
1777,1652,1500,0,4
1784,1659,1173,0,4
1784,1764,1478,0,4
1785,1764,1238,0,4
1786,1661,1129,0,4
1787,1662,1173,0,4
1787,1818,4,0,4
1788,1663,1173,0,4
1788,1764,1478,0,4
1788,1818,4,0,4
1788,1824,1457,0,4
1789,1664,1217,0,4
1790,1665,1216,0,4
1790,1764,1216,0,4
1791,1666,1173,0,4
1791,1806,1283,0,4
1791,1818,4,0,4
1792,1667,1173,0,4
1792,1806,1283,0,4
1793,1668,1173,0,4
1793,1806,1283,0,4
1793,1818,4,0,4
1794,1669,1217,0,4
1795,1670,1260,0,4
1796,1671,1217,0,4
1797,1672,1217,0,4
1797,1815,48,0,4
1798,1673,1217,0,4
1800,1675,1239,0,4
1800,1764,1304,0,4
1801,1771,1370,0,4
1802,1764,1435,0,4
1804,1764,1479,0,4
1805,1680,92,0,4
1805,1764,1435,0,4
1805,1818,5,0,4
1806,1734,1283,0,4
1806,1738,1283,0,4
1806,1739,1283,0,4
1806,1740,1283,0,4
1806,1741,1283,0,4
1806,1742,1283,0,4
1806,1743,1283,0,4
1806,1745,1283,0,4
1806,1769,1283,0,4
1806,1775,1283,0,4
1806,1791,1283,0,4
1806,1792,1283,0,4
1806,1793,1283,0,4
1809,1684,201,0,4
1810,1685,1348,0,4
1810,1764,1479,0,4
1813,1688,201,0,4
1814,1689,1349,0,4
1814,1764,1436,0,4
1815,1797,26,0,4
1816,1691,1349,0,4
1816,1764,1436,0,4
1817,1692,1349,0,4
1817,1764,1436,0,4
1818,1693,1349,0,4
1818,1764,1436,0,4
1818,1787,5,0,4
1818,1788,5,0,4
1818,1791,5,0,4
1818,1793,5,0,4
1818,1805,5,0,4
1819,1694,1393,0,4
1821,1696,1349,0,4
1822,1697,1393,0,4
1823,1698,1393,0,4
1824,1699,1437,0,4
1824,1788,1480,0,4
1825,1700,1393,0,4
1826,1701,1393,0,4
1827,1702,1393,0,4
1828,1703,1393,0,4
1829,1704,1437,0,4
1831,1706,1437,0,4
1832,1707,1437,0,4
1833,1708,1437,0,4
