14,1752,15,1,0
36,1752,37,2,1
58,1752,59,2,1
80,1752,81,2,1
102,1752,103,2,1
124,1752,125,2,1
146,1752,147,2,1
168,1752,169,2,1
190,1752,191,2,1
212,1752,213,2,1
234,1752,235,2,1
256,1752,257,2,1
278,1752,279,2,1
300,1752,301,2,1
315,1752,337,3,0
379,1752,401,3,0
422,1752,423,2,1
554,1627,532,0,3
555,1627,533,0,3
576,1627,554,0,3
577,1627,555,0,3
598,1627,597,1,2
599,1627,598,1,2
608,1627,609,2,1
630,1627,631,2,1
644,1678,622,0,3
652,1627,653,2,1
654,1678,632,0,3
666,1678,644,0,3
674,1627,675,2,1
676,1678,654,0,3
688,1678,687,1,2
696,1627,697,2,1
698,1678,697,1,2
718,1627,719,2,1
740,1627,741,2,1
762,1627,763,2,1
784,1627,785,2,1
806,1627,807,2,1
828,1627,829,2,1
850,1627,851,2,1
872,1627,873,2,1
894,1627,895,2,1
916,1627,917,2,1
938,1627,939,2,1
960,1627,961,2,1
982,1627,983,2,1
1004,1627,1005,2,1
1026,1627,1027,2,1
1048,1627,1049,2,1
1070,1627,1071,2,1
1092,1627,1093,2,1
1107,1627,1129,3,0
1171,1627,1193,3,0
1214,1627,1215,2,1
1346,1752,1324,0,3
1347,1752,1325,0,3
1368,1752,1346,0,3
1369,1752,1347,0,3
1390,1752,1389,1,2
1391,1752,1390,1,2
1400,1752,1401,2,1
1422,1752,1423,2,1
1436,1803,1414,0,3
1444,1752,1445,2,1
1446,1803,1424,0,3
1458,1803,1436,0,3
1466,1752,1467,2,1
1468,1803,1446,0,3
1480,1803,1479,1,2
1488,1752,1489,2,1
1490,1803,1489,1,2
1510,1752,1511,2,1
1532,1752,1533,2,1
1554,1752,1555,2,1
1576,1752,1577,2,1
1584,1709,312,0,4
1586,1711,312,0,4
1587,1712,312,0,4
1588,1713,312,0,4
1590,1715,312,0,4
1591,1716,377,0,4
1592,1717,377,0,4
1594,1719,421,0,4
1595,1720,356,0,4
1598,1723,421,0,4
1599,1724,400,0,4
1600,1725,356,0,4
1601,1726,400,0,4
1602,1727,400,0,4
1603,1728,400,0,4
1604,1729,444,0,4
1605,1730,400,0,4
1606,1731,465,0,4
1607,1732,444,0,4
1608,1733,444,0,4
1609,1734,488,0,4
1610,1735,444,0,4
1611,1736,444,0,4
1612,1737,509,0,4
1613,1738,509,0,4
1614,1739,488,0,4
1615,1740,444,0,4
1616,1741,488,0,4
1617,1742,488,0,4
1618,1743,488,0,4
1619,1744,532,0,4
1620,1745,488,0,4
1621,1626,488,0,4
1621,1746,532,0,4
1622,1747,532,0,4
1623,1748,532,0,4
1625,1750,532,0,4
1626,1621,488,0,4
1626,1751,597,0,4
1627,1639,445,0,4
1627,1641,292,0,4
1627,1643,445,0,4
1627,1646,532,0,4
1627,1647,532,0,4
1627,1648,532,0,4
1627,1649,379,0,4
1627,1650,532,0,4
1627,1651,379,0,4
1627,1652,379,0,4
1627,1653,379,0,4
1627,1655,445,0,4
1627,1658,445,0,4
1627,1674,532,0,4
1627,1675,510,0,4
1627,1678,532,0,4
1627,1679,532,0,4
1627,1681,532,0,4
1627,1682,532,0,4
1627,1683,532,0,4
1627,1684,532,0,4
1627,1685,532,0,4
1627,1686,532,0,4
1627,1687,532,0,4
1627,1688,532,0,4
1627,1689,532,0,4
1627,1690,597,0,4
1627,1691,597,0,4
1627,1692,532,0,4
1627,1693,532,0,4
1627,1694,597,0,4
1627,1695,532,0,4
1627,1696,532,0,4
1627,1697,597,0,4
1627,1698,597,0,4
1627,1699,597,0,4
1627,1700,597,0,4
1627,1701,597,0,4
1627,1702,597,0,4
1627,1703,597,0,4
1627,1704,597,0,4
1627,1705,597,0,4
1627,1706,597,0,4
1627,1707,597,0,4
1627,1708,597,0,4
1627,1709,597,0,4
1627,1710,597,0,4
1627,1711,597,0,4
1627,1712,597,0,4
1627,1713,597,0,4
1627,1714,597,0,4
1627,1715,597,0,4
1627,1716,597,0,4
1627,1717,597,0,4
1627,1718,597,0,4
1627,1719,597,0,4
1627,1720,597,0,4
1627,1721,597,0,4
1627,1722,597,0,4
1627,1723,597,0,4
1627,1724,597,0,4
1627,1725,597,0,4
1627,1726,597,0,4
1627,1727,597,0,4
1627,1728,597,0,4
1627,1729,597,0,4
1627,1730,597,0,4
1627,1731,597,0,4
1627,1732,597,0,4
1627,1733,597,0,4
1627,1734,597,0,4
1627,1735,597,0,4
1627,1736,597,0,4
1627,1737,597,0,4
1627,1738,597,0,4
1627,1739,597,0,4
1627,1740,597,0,4
1627,1741,597,0,4
1627,1742,597,0,4
1627,1743,597,0,4
1627,1744,597,0,4
1627,1745,597,0,4
1627,1746,597,0,4
1627,1747,597,0,4
1627,1748,597,0,4
1627,1750,597,0,4
1627,1751,597,0,4
1627,1752,597,0,4
1627,1753,204,0,4
1628,1752,576,0,4
1630,1755,576,0,4
1633,1758,641,0,4
1634,1759,620,0,4
1636,1761,620,0,4
1637,1762,620,0,4
1638,1763,620,0,4
1639,1627,423,0,4
1639,1764,664,0,4
1641,1627,292,0,4
1641,1766,664,0,4
1642,1767,664,0,4
1643,1627,423,0,4
1643,1768,664,0,4
1644,1769,708,0,4
1645,1770,664,0,4
1647,1772,729,0,4
1649,1627,380,0,4
1649,1774,773,0,4
1650,1775,664,0,4
1651,1627,380,0,4
1651,1776,708,0,4
1652,1627,380,0,4
1652,1777,708,0,4
1653,1627,380,0,4
1653,1778,773,0,4
1654,1779,752,0,4
1655,1627,467,0,4
1655,1780,708,0,4
1656,1781,752,0,4
1657,1782,752,0,4
1658,1627,424,0,4
1658,1783,752,0,4
1660,1785,752,0,4
1674,1627,556,0,4
1674,1799,884,0,4
1675,1627,512,0,4
1676,1801,884,0,4
1677,1802,884,0,4
1678,1627,556,0,4
1678,1694,884,0,4
1678,1695,884,0,4
1678,1698,884,0,4
1678,1700,884,0,4
1678,1708,753,0,4
1678,1803,884,0,4
1679,1804,928,0,4
1681,1806,949,0,4
1683,1808,928,0,4
1684,1627,535,0,4
1685,1810,928,0,4
1686,1627,535,0,4
1686,1811,928,0,4
1687,1627,535,0,4
1687,1812,928,0,4
1688,1627,535,0,4
1689,1627,557,0,4
1692,1627,557,0,4
1693,1627,557,0,4
1694,1678,906,0,4
1695,1678,862,0,4
1697,1822,601,0,4
1698,1678,906,0,4
1698,1700,688,0,4
1698,1823,601,0,4
1700,1678,906,0,4
1700,1698,688,0,4
1704,1829,645,0,4
1706,1831,645,0,4
1707,1832,645,0,4
1708,1678,732,0,4
1708,1833,645,0,4
1709,1584,689,0,4
1711,1586,689,0,4
1712,1587,689,0,4
1713,1588,689,0,4
1715,1590,711,0,4
1716,1591,689,0,4
1717,1592,776,0,4
1719,1594,820,0,4
1720,1595,776,0,4
1723,1598,733,0,4
1724,1599,777,0,4
1725,1600,820,0,4
1726,1601,777,0,4
1727,1602,777,0,4
1728,1603,777,0,4
1729,1604,821,0,4
1730,1605,799,0,4
1731,1606,777,0,4
1732,1607,821,0,4
1733,1608,821,0,4
1734,1609,865,0,4
1735,1610,864,0,4
1736,1611,821,0,4
1737,1612,843,0,4
1738,1613,821,0,4
1739,1614,865,0,4
1740,1615,908,0,4
1741,1616,865,0,4
1742,1617,865,0,4
1743,1618,865,0,4
1744,1619,909,0,4
1745,1620,887,0,4
1746,1621,909,0,4
1746,1751,1280,0,4
1747,1622,909,0,4
1748,1623,909,0,4
1750,1625,931,0,4
1751,1626,909,0,4
1751,1746,1280,0,4
1752,1584,1389,0,4
1752,1585,1389,0,4
1752,1586,1389,0,4
1752,1587,1389,0,4
1752,1588,1389,0,4
1752,1589,1389,0,4
1752,1590,1389,0,4
1752,1591,1389,0,4
1752,1592,1389,0,4
1752,1593,1389,0,4
1752,1594,1389,0,4
1752,1595,1389,0,4
1752,1596,1389,0,4
1752,1597,1389,0,4
1752,1598,1389,0,4
1752,1599,1389,0,4
1752,1600,1389,0,4
1752,1601,1389,0,4
1752,1602,1389,0,4
1752,1603,1389,0,4
1752,1604,1389,0,4
1752,1605,1389,0,4
1752,1606,1389,0,4
1752,1607,1389,0,4
1752,1608,1389,0,4
1752,1609,1389,0,4
1752,1610,1389,0,4
1752,1611,1389,0,4
1752,1612,1389,0,4
1752,1613,1389,0,4
1752,1614,1389,0,4
1752,1615,1389,0,4
1752,1616,1389,0,4
1752,1617,1389,0,4
1752,1618,1389,0,4
1752,1619,1389,0,4
1752,1620,1389,0,4
1752,1621,1389,0,4
1752,1622,1389,0,4
1752,1623,1389,0,4
1752,1625,1389,0,4
1752,1626,1389,0,4
1752,1627,996,0,4
1752,1628,996,0,4
1752,1764,1237,0,4
1752,1766,1084,0,4
1752,1768,1237,0,4
1752,1771,1324,0,4
1752,1772,1324,0,4
1752,1773,1324,0,4
1752,1774,1171,0,4
1752,1775,1324,0,4
1752,1776,1171,0,4
1752,1777,1171,0,4
1752,1778,1171,0,4
1752,1780,1237,0,4
1752,1783,1237,0,4
1752,1799,1324,0,4
1752,1800,1302,0,4
1752,1803,1324,0,4
1752,1804,1324,0,4
1752,1806,1324,0,4
1752,1807,1324,0,4
1752,1808,1324,0,4
1752,1809,1324,0,4
1752,1810,1324,0,4
1752,1811,1324,0,4
1752,1812,1324,0,4
1752,1813,1324,0,4
1752,1814,1324,0,4
1752,1815,1389,0,4
1752,1816,1389,0,4
1752,1817,1324,0,4
1752,1818,1324,0,4
1752,1819,1389,0,4
1752,1820,1324,0,4
1752,1821,1324,0,4
1752,1822,1389,0,4
1752,1823,1389,0,4
1752,1824,1389,0,4
1752,1825,1389,0,4
1752,1826,1389,0,4
1752,1827,1389,0,4
1752,1828,1389,0,4
1752,1829,1389,0,4
1752,1830,1389,0,4
1752,1831,1389,0,4
1752,1832,1389,0,4
1752,1833,1389,0,4
1753,1627,1368,0,4
1755,1630,996,0,4
1758,1633,953,0,4
1759,1634,997,0,4
1761,1636,997,0,4
1762,1637,997,0,4
1763,1638,997,0,4
1764,1639,1041,0,4
1764,1752,1215,0,4
1766,1641,1041,0,4
1766,1752,1084,0,4
1767,1642,1041,0,4
1768,1643,1041,0,4
1768,1752,1215,0,4
1769,1644,1085,0,4
1770,1645,1084,0,4
1772,1647,1128,0,4
1774,1649,1085,0,4
1774,1752,1172,0,4
1775,1650,1128,0,4
1776,1651,1085,0,4
1776,1752,1172,0,4
1777,1652,1085,0,4
1777,1752,1172,0,4
1778,1653,1085,0,4
1778,1752,1172,0,4
1779,1654,1129,0,4
1780,1655,1107,0,4
1780,1752,1259,0,4
1781,1656,1129,0,4
1782,1657,1129,0,4
1783,1658,1129,0,4
1783,1752,1216,0,4
1785,1660,1151,0,4
1799,1674,1261,0,4
1799,1752,1348,0,4
1800,1752,1304,0,4
1801,1676,1261,0,4
1802,1677,1261,0,4
1803,1678,1261,0,4
1803,1752,1348,0,4
1803,1819,92,0,4
1803,1820,92,0,4
1803,1823,92,0,4
1803,1825,92,0,4
1803,1833,1545,0,4
1804,1679,1305,0,4
1806,1681,1261,0,4
1808,1683,1305,0,4
1809,1752,1327,0,4
1810,1685,1348,0,4
1811,1686,1305,0,4
1811,1752,1327,0,4
1812,1687,1305,0,4
1812,1752,1327,0,4
1813,1752,1327,0,4
1814,1752,1349,0,4
1817,1752,1349,0,4
1818,1752,1349,0,4
1819,1803,114,0,4
1820,1803,70,0,4
1822,1697,224,0,4
1823,1698,224,0,4
1823,1803,114,0,4
1823,1825,1480,0,4
1825,1803,114,0,4
1825,1823,1480,0,4
1829,1704,268,0,4
1831,1706,268,0,4
1832,1707,268,0,4
1833,1708,268,0,4
1833,1803,1524,0,4
