5,1585,27,2,0
17,1585,18,1,0
27,1585,1585,4,0
49,1585,27,0,3
686,1669,708,3,0
797,1710,819,3,0
809,1710,810,2,1
819,1710,1710,4,0
841,1710,819,0,3
1478,1794,1500,3,0
1584,1709,1481,0,4
1585,1710,1459,0,4
1585,1784,27,0,4
1585,1787,27,0,4
1585,1788,27,0,4
1585,1789,27,0,4
1585,1791,27,0,4
1585,1793,27,0,4
1585,1794,27,0,4
1585,1796,27,0,4
1585,1798,27,0,4
1585,1799,27,0,4
1585,1800,27,0,4
1585,1801,27,0,4
1585,1802,27,0,4
1585,1803,27,0,4
1585,1805,27,0,4
1585,1806,27,0,4
1585,1807,27,0,4
1585,1809,27,0,4
1585,1812,27,0,4
1585,1813,27,0,4
1585,1815,27,0,4
1585,1817,27,0,4
1586,1711,1481,0,4
1587,1712,1481,0,4
1588,1713,1481,0,4
1589,1714,1525,0,4
1590,1715,1503,0,4
1591,1716,1481,0,4
1592,1717,1525,0,4
1593,1718,1525,0,4
1594,1719,1569,0,4
1595,1720,1568,0,4
1596,1721,1525,0,4
1597,1722,1525,0,4
1598,1607,356,0,4
1598,1723,1525,0,4
1600,1725,28,0,4
1604,1729,29,0,4
1605,1730,7,0,4
1606,1731,1569,0,4
1607,1598,356,0,4
1607,1732,29,0,4
1608,1733,29,0,4
1609,1734,73,0,4
1610,1735,72,0,4
1611,1736,29,0,4
1612,1737,116,0,4
1613,1738,29,0,4
1614,1739,73,0,4
1615,1740,116,0,4
1616,1741,73,0,4
1617,1621,139,0,4
1617,1742,73,0,4
1618,1743,73,0,4
1619,1744,117,0,4
1620,1745,95,0,4
1621,1617,139,0,4
1621,1746,117,0,4
1622,1747,117,0,4
1623,1748,117,0,4
1624,1749,161,0,4
1626,1751,117,0,4
1627,1752,161,0,4
1628,1753,161,0,4
1631,1756,161,0,4
1632,1757,161,0,4
1635,1760,248,0,4
1639,1764,249,0,4
1640,1765,227,0,4
1641,1766,249,0,4
1642,1767,249,0,4
1643,1768,249,0,4
1646,1771,249,0,4
1659,1710,796,0,4
1659,1784,796,0,4
1662,1710,796,0,4
1662,1787,796,0,4
1663,1710,796,0,4
1663,1788,796,0,4
1664,1710,840,0,4
1666,1710,796,0,4
1668,1710,796,0,4
1669,1710,818,0,4
1671,1675,491,0,4
1673,1710,840,0,4
1674,1710,818,0,4
1675,1671,491,0,4
1675,1710,818,0,4
1676,1710,818,0,4
1677,1710,818,0,4
1678,1710,818,0,4
1681,1710,797,0,4
1681,1806,469,0,4
1684,1710,841,0,4
1687,1710,841,0,4
1688,1710,841,0,4
1690,1710,841,0,4
1692,1710,819,0,4
1694,1819,1016,0,4
1696,1821,1037,0,4
1697,1822,1016,0,4
1698,1823,1016,0,4
1699,1824,1060,0,4
1700,1825,1016,0,4
1701,1826,1016,0,4
1702,1827,1016,0,4
1703,1828,1081,0,4
1704,1829,1060,0,4
1705,1830,1016,0,4
1706,1831,1060,0,4
1707,1832,1060,0,4
1708,1833,1060,0,4
1709,1584,1104,0,4
1710,1585,1060,0,4
1710,1659,819,0,4
1710,1662,819,0,4
1710,1663,819,0,4
1710,1664,819,0,4
1710,1666,819,0,4
1710,1668,819,0,4
1710,1669,819,0,4
1710,1671,819,0,4
1710,1673,819,0,4
1710,1674,819,0,4
1710,1675,819,0,4
1710,1676,819,0,4
1710,1677,819,0,4
1710,1678,819,0,4
1710,1680,819,0,4
1710,1681,819,0,4
1710,1682,819,0,4
1710,1684,819,0,4
1710,1687,819,0,4
1710,1688,819,0,4
1710,1690,819,0,4
1710,1692,819,0,4
1711,1586,1104,0,4
1712,1587,1104,0,4
1713,1588,1104,0,4
1714,1589,1148,0,4
1715,1590,1104,0,4
1716,1591,1169,0,4
1717,1592,1148,0,4
1718,1593,1148,0,4
1719,1594,1213,0,4
1720,1595,1148,0,4
1721,1596,1148,0,4
1722,1597,1148,0,4
1723,1598,1213,0,4
1723,1732,1148,0,4
1725,1600,1148,0,4
1729,1604,1236,0,4
1730,1605,1192,0,4
1731,1606,1236,0,4
1732,1607,1236,0,4
1732,1723,1148,0,4
1733,1608,1236,0,4
1734,1609,1280,0,4
1735,1610,1236,0,4
1736,1611,1236,0,4
1737,1612,1301,0,4
1738,1613,1280,0,4
1739,1614,1280,0,4
1740,1615,1236,0,4
1741,1616,1280,0,4
1742,1617,1280,0,4
1742,1746,931,0,4
1743,1618,1280,0,4
1744,1619,1324,0,4
1745,1620,1280,0,4
1746,1621,1324,0,4
1746,1742,931,0,4
1747,1622,1324,0,4
1748,1623,1324,0,4
1749,1624,1368,0,4
1751,1626,1389,0,4
1752,1627,1368,0,4
1753,1628,1368,0,4
1756,1631,1368,0,4
1757,1632,1368,0,4
1760,1635,1368,0,4
1764,1639,1456,0,4
1765,1640,1412,0,4
1766,1641,1456,0,4
1767,1642,1456,0,4
1768,1643,1456,0,4
1771,1646,1521,0,4
1784,1585,4,0,4
1784,1659,1173,0,4
1787,1585,4,0,4
1787,1662,1173,0,4
1788,1585,4,0,4
1788,1663,1173,0,4
1789,1585,48,0,4
1791,1585,4,0,4
1793,1585,4,0,4
1794,1585,26,0,4
1796,1800,1283,0,4
1798,1585,48,0,4
1799,1585,26,0,4
1800,1585,26,0,4
1800,1796,1283,0,4
1801,1585,26,0,4
1802,1585,26,0,4
1803,1585,26,0,4
1806,1585,5,0,4
1806,1681,157,0,4
1809,1585,49,0,4
1812,1585,49,0,4
1813,1585,49,0,4
1815,1585,49,0,4
1817,1585,27,0,4
1819,1694,1393,0,4
1821,1696,1349,0,4
1822,1697,1393,0,4
1823,1698,1393,0,4
1824,1699,1437,0,4
1825,1700,1436,0,4
1826,1701,1393,0,4
1827,1702,1393,0,4
1828,1703,1393,0,4
1829,1704,1437,0,4
1830,1705,1480,0,4
1831,1706,1437,0,4
1832,1707,1437,0,4
1833,1708,1437,0,4
