599,1700,621,3,0
1391,1825,1413,3,0
1585,1710,1459,0,4
1589,1714,356,0,4
1590,1715,312,0,4
1591,1716,377,0,4
1592,1717,356,0,4
1593,1718,356,0,4
1595,1720,356,0,4
1596,1640,356,0,4
1596,1721,356,0,4
1597,1722,356,0,4
1598,1723,421,0,4
1619,1744,532,0,4
1620,1745,160,0,4
1621,1746,532,0,4
1622,1747,532,0,4
1623,1748,532,0,4
1624,1749,161,0,4
1625,1750,139,0,4
1626,1751,597,0,4
1627,1752,161,0,4
1628,1753,161,0,4
1630,1755,576,0,4
1631,1756,161,0,4
1632,1757,161,0,4
1633,1758,161,0,4
1635,1760,576,0,4
1640,1596,379,0,4
1641,1766,664,0,4
1644,1769,708,0,4
1647,1772,729,0,4
1648,1773,708,0,4
1649,1774,773,0,4
1651,1776,708,0,4
1652,1777,708,0,4
1653,1778,773,0,4
1655,1780,708,0,4
1661,1786,817,0,4
1664,1789,840,0,4
1668,1793,861,0,4
1669,1794,840,0,4
1671,1796,840,0,4
1672,1797,840,0,4
1673,1798,840,0,4
1674,1799,884,0,4
1675,1800,840,0,4
1676,1801,884,0,4
1677,1802,884,0,4
1678,1803,884,0,4
1679,1804,928,0,4
1680,1805,884,0,4
1681,1806,949,0,4
1682,1807,928,0,4
1683,1808,928,0,4
1684,1809,993,0,4
1685,1810,928,0,4
1686,1811,928,0,4
1687,1812,928,0,4
1688,1813,993,0,4
1689,1814,972,0,4
1690,1815,928,0,4
1691,1816,972,0,4
1692,1817,972,0,4
1693,1818,972,0,4
1694,1819,1016,0,4
1695,1820,972,0,4
1696,1821,1016,0,4
1697,1822,1016,0,4
1698,1823,1016,0,4
1700,1584,644,0,4
1700,1585,644,0,4
1700,1586,644,0,4
1700,1587,644,0,4
1700,1588,644,0,4
1700,1589,644,0,4
1700,1590,644,0,4
1700,1591,644,0,4
1700,1592,644,0,4
1700,1593,644,0,4
1700,1594,644,0,4
1700,1595,644,0,4
1700,1596,644,0,4
1700,1597,644,0,4
1700,1598,644,0,4
1700,1599,644,0,4
1700,1600,644,0,4
1700,1601,644,0,4
1700,1602,644,0,4
1700,1603,644,0,4
1700,1604,644,0,4
1700,1605,644,0,4
1700,1606,644,0,4
1700,1607,644,0,4
1700,1608,644,0,4
1700,1609,644,0,4
1700,1610,644,0,4
1700,1611,644,0,4
1700,1612,644,0,4
1700,1613,644,0,4
1700,1614,644,0,4
1700,1615,644,0,4
1700,1616,644,0,4
1700,1617,644,0,4
1700,1618,644,0,4
1700,1619,644,0,4
1700,1620,644,0,4
1700,1621,644,0,4
1700,1622,644,0,4
1700,1623,644,0,4
1700,1624,644,0,4
1700,1625,644,0,4
1700,1626,644,0,4
1700,1627,644,0,4
1700,1628,644,0,4
1700,1630,644,0,4
1700,1631,644,0,4
1700,1632,644,0,4
1700,1635,644,0,4
1700,1824,644,0,4
1700,1825,1016,0,4
1700,1826,644,0,4
1700,1827,644,0,4
1700,1828,644,0,4
1700,1829,644,0,4
1700,1830,644,0,4
1700,1831,644,0,4
1700,1832,644,0,4
1700,1833,644,0,4
1701,1826,1016,0,4
1702,1827,1081,0,4
1703,1828,1060,0,4
1705,1830,1016,0,4
1708,1833,1060,0,4
1710,1585,1060,0,4
1714,1589,733,0,4
1715,1590,711,0,4
1716,1591,689,0,4
1717,1592,733,0,4
1718,1593,733,0,4
1720,1595,776,0,4
1721,1596,733,0,4
1721,1765,1148,0,4
1722,1597,733,0,4
1723,1598,733,0,4
1744,1619,909,0,4
1745,1620,1280,0,4
1746,1621,909,0,4
1747,1622,909,0,4
1748,1623,909,0,4
1749,1624,1368,0,4
1750,1625,1324,0,4
1751,1626,909,0,4
1752,1627,1368,0,4
1753,1628,1368,0,4
1755,1630,996,0,4
1756,1631,1368,0,4
1757,1632,1368,0,4
1758,1633,1433,0,4
1760,1635,1040,0,4
1765,1721,1171,0,4
1766,1641,1041,0,4
1769,1644,1085,0,4
1772,1647,1085,0,4
1773,1648,1085,0,4
1774,1649,1085,0,4
1776,1651,1085,0,4
1777,1652,1085,0,4
1778,1653,1085,0,4
1780,1655,1172,0,4
1786,1661,1129,0,4
1789,1664,1217,0,4
1793,1668,1173,0,4
1794,1669,1217,0,4
1796,1671,1217,0,4
1797,1672,1217,0,4
1798,1673,1217,0,4
1799,1674,1261,0,4
1800,1675,1239,0,4
1801,1676,1261,0,4
1802,1677,1261,0,4
1803,1678,1261,0,4
1804,1679,1305,0,4
1805,1680,1283,0,4
1806,1681,1261,0,4
1807,1682,1305,0,4
1808,1683,1305,0,4
1809,1684,1305,0,4
1810,1685,1348,0,4
1811,1686,1305,0,4
1812,1687,1305,0,4
1813,1688,1305,0,4
1814,1689,1349,0,4
1815,1690,1392,0,4
1816,1691,1349,0,4
1817,1692,1349,0,4
1818,1693,1349,0,4
1819,1694,1393,0,4
1820,1695,1371,0,4
1821,1696,1349,0,4
1822,1697,1393,0,4
1823,1698,1393,0,4
1825,1699,1436,0,4
1825,1700,1436,0,4
1825,1701,1436,0,4
1825,1702,1436,0,4
1825,1703,1436,0,4
1825,1704,1436,0,4
1825,1705,1436,0,4
1825,1706,1436,0,4
1825,1707,1436,0,4
1825,1708,1436,0,4
1825,1709,1436,0,4
1825,1710,1436,0,4
1825,1711,1436,0,4
1825,1712,1436,0,4
1825,1713,1436,0,4
1825,1714,1436,0,4
1825,1715,1436,0,4
1825,1716,1436,0,4
1825,1717,1436,0,4
1825,1718,1436,0,4
1825,1719,1436,0,4
1825,1720,1436,0,4
1825,1721,1436,0,4
1825,1722,1436,0,4
1825,1723,1436,0,4
1825,1724,1436,0,4
1825,1725,1436,0,4
1825,1726,1436,0,4
1825,1727,1436,0,4
1825,1728,1436,0,4
1825,1729,1436,0,4
1825,1730,1436,0,4
1825,1731,1436,0,4
1825,1732,1436,0,4
1825,1733,1436,0,4
1825,1734,1436,0,4
1825,1735,1436,0,4
1825,1736,1436,0,4
1825,1737,1436,0,4
1825,1738,1436,0,4
1825,1739,1436,0,4
1825,1740,1436,0,4
1825,1741,1436,0,4
1825,1742,1436,0,4
1825,1743,1436,0,4
1825,1744,1436,0,4
1825,1745,1436,0,4
1825,1746,1436,0,4
1825,1747,1436,0,4
1825,1748,1436,0,4
1825,1749,1436,0,4
1825,1750,1436,0,4
1825,1751,1436,0,4
1825,1752,1436,0,4
1825,1753,1436,0,4
1825,1755,1436,0,4
1825,1756,1436,0,4
1825,1757,1436,0,4
1825,1760,1436,0,4
1826,1701,1393,0,4
1827,1702,1393,0,4
1828,1703,1393,0,4
1830,1705,1480,0,4
1833,1708,1437,0,4
