4,1787,1566,3,3
5,1787,1567,3,3
26,1787,25,1,2
27,1787,26,1,2
36,1787,37,2,1
58,1787,59,2,1
80,1787,81,2,1
102,1787,103,2,1
124,1787,125,2,1
146,1787,147,2,1
168,1787,169,2,1
190,1787,191,2,1
212,1787,213,2,1
234,1787,235,2,1
256,1787,257,2,1
278,1787,279,2,1
300,1787,301,2,1
322,1787,323,2,1
344,1787,345,2,1
366,1787,367,2,1
388,1787,389,2,1
410,1787,411,2,1
432,1787,433,2,1
454,1787,455,2,1
476,1787,477,2,1
498,1787,499,2,1
520,1787,521,2,1
535,1787,557,3,0
599,1787,621,3,0
642,1787,643,2,1
774,1662,752,0,3
775,1662,753,0,3
796,1662,774,0,3
797,1662,775,0,3
818,1662,817,1,2
819,1662,818,1,2
828,1662,829,2,1
850,1662,851,2,1
872,1662,873,2,1
894,1662,895,2,1
916,1662,917,2,1
938,1662,939,2,1
960,1662,961,2,1
982,1662,983,2,1
1004,1662,1005,2,1
1026,1662,1027,2,1
1048,1662,1049,2,1
1070,1662,1071,2,1
1092,1662,1093,2,1
1114,1662,1115,2,1
1136,1662,1137,2,1
1158,1662,1159,2,1
1180,1662,1181,2,1
1202,1662,1203,2,1
1224,1662,1225,2,1
1246,1662,1247,2,1
1268,1662,1269,2,1
1290,1662,1291,2,1
1312,1662,1313,2,1
1327,1662,1349,3,0
1391,1662,1413,3,0
1434,1662,1435,2,1
1566,1787,1544,0,3
1567,1787,1545,0,3
1584,1709,312,0,4
1584,1787,1568,0,4
1585,1710,268,0,4
1585,1787,1524,0,4
1586,1711,312,0,4
1587,1712,312,0,4
1588,1713,312,0,4
1588,1787,1568,0,4
1589,1714,356,0,4
1590,1715,312,0,4
1592,1717,377,0,4
1593,1718,356,0,4
1594,1719,421,0,4
1595,1720,356,0,4
1596,1721,356,0,4
1596,1787,1547,0,4
1597,1722,356,0,4
1597,1787,1547,0,4
1598,1787,1547,0,4
1599,1724,400,0,4
1599,1787,1569,0,4
1600,1725,356,0,4
1601,1726,400,0,4
1602,1727,400,0,4
1602,1787,1569,0,4
1603,1728,400,0,4
1603,1787,1569,0,4
1604,1729,444,0,4
1605,1730,400,0,4
1606,1731,465,0,4
1607,1615,400,0,4
1607,1732,444,0,4
1608,1733,444,0,4
1609,1734,488,0,4
1610,1735,444,0,4
1614,1739,488,0,4
1615,1607,400,0,4
1615,1740,444,0,4
1616,1741,488,0,4
1617,1742,488,0,4
1618,1743,488,0,4
1619,1744,532,0,4
1620,1745,488,0,4
1621,1746,532,0,4
1622,1747,532,0,4
1623,1748,532,0,4
1624,1749,576,0,4
1625,1750,532,0,4
1626,1751,597,0,4
1628,1753,576,0,4
1630,1755,576,0,4
1631,1756,576,0,4
1632,1757,576,0,4
1654,1779,337,0,4
1656,1781,337,0,4
1657,1782,337,0,4
1658,1783,337,0,4
1659,1784,381,0,4
1660,1785,359,0,4
1661,1786,337,0,4
1662,1674,665,0,4
1662,1676,512,0,4
1662,1678,665,0,4
1662,1681,752,0,4
1662,1682,752,0,4
1662,1683,752,0,4
1662,1684,599,0,4
1662,1685,752,0,4
1662,1686,599,0,4
1662,1687,599,0,4
1662,1688,599,0,4
1662,1690,665,0,4
1662,1693,665,0,4
1662,1709,752,0,4
1662,1710,730,0,4
1662,1713,752,0,4
1662,1714,752,0,4
1662,1716,752,0,4
1662,1717,752,0,4
1662,1718,752,0,4
1662,1719,817,0,4
1662,1720,752,0,4
1662,1721,752,0,4
1662,1722,752,0,4
1662,1723,752,0,4
1662,1724,752,0,4
1662,1725,817,0,4
1662,1726,817,0,4
1662,1727,752,0,4
1662,1728,752,0,4
1662,1729,817,0,4
1662,1730,752,0,4
1662,1731,752,0,4
1662,1732,817,0,4
1662,1733,817,0,4
1662,1734,817,0,4
1662,1735,817,0,4
1662,1736,817,0,4
1662,1737,817,0,4
1662,1738,817,0,4
1662,1739,817,0,4
1662,1740,817,0,4
1662,1741,817,0,4
1662,1742,817,0,4
1662,1743,817,0,4
1662,1744,817,0,4
1662,1745,817,0,4
1662,1746,817,0,4
1662,1747,817,0,4
1662,1748,817,0,4
1662,1749,817,0,4
1662,1750,817,0,4
1662,1751,817,0,4
1662,1752,817,0,4
1662,1753,817,0,4
1662,1754,817,0,4
1662,1755,817,0,4
1662,1756,817,0,4
1662,1757,817,0,4
1662,1758,817,0,4
1662,1759,817,0,4
1662,1760,817,0,4
1662,1761,817,0,4
1662,1762,817,0,4
1662,1763,817,0,4
1662,1764,817,0,4
1662,1765,817,0,4
1662,1766,817,0,4
1662,1767,817,0,4
1662,1768,817,0,4
1662,1769,817,0,4
1662,1770,817,0,4
1662,1771,817,0,4
1662,1772,817,0,4
1662,1773,817,0,4
1662,1774,817,0,4
1662,1775,817,0,4
1662,1776,817,0,4
1662,1777,817,0,4
1662,1778,817,0,4
1662,1779,817,0,4
1662,1780,817,0,4
1662,1781,817,0,4
1662,1782,817,0,4
1662,1783,817,0,4
1662,1785,817,0,4
1662,1786,817,0,4
1662,1787,424,0,4
1663,1788,381,0,4
1664,1789,468,0,4
1665,1790,424,0,4
1666,1791,381,0,4
1667,1792,381,0,4
1668,1793,381,0,4
1669,1674,556,0,4
1669,1794,425,0,4
1670,1795,468,0,4
1671,1796,425,0,4
1672,1797,425,0,4
1673,1798,425,0,4
1674,1662,643,0,4
1674,1669,556,0,4
1674,1799,469,0,4
1675,1800,447,0,4
1676,1662,512,0,4
1676,1801,469,0,4
1677,1802,469,0,4
1678,1662,643,0,4
1678,1803,469,0,4
1679,1804,513,0,4
1680,1805,512,0,4
1681,1806,469,0,4
1682,1807,556,0,4
1683,1808,513,0,4
1684,1662,600,0,4
1684,1809,513,0,4
1685,1810,556,0,4
1686,1662,600,0,4
1686,1811,513,0,4
1687,1662,600,0,4
1687,1812,513,0,4
1688,1662,600,0,4
1688,1813,513,0,4
1689,1814,557,0,4
1690,1662,687,0,4
1690,1815,600,0,4
1691,1816,557,0,4
1692,1817,557,0,4
1693,1662,644,0,4
1693,1818,557,0,4
1695,1820,579,0,4
1696,1821,557,0,4
1697,1822,644,0,4
1699,1824,688,0,4
1700,1825,644,0,4
1703,1828,601,0,4
1704,1829,645,0,4
1705,1830,688,0,4
1706,1831,645,0,4
1707,1832,645,0,4
1708,1833,645,0,4
1709,1584,689,0,4
1709,1662,776,0,4
1710,1585,667,0,4
1710,1662,732,0,4
1711,1586,689,0,4
1712,1587,689,0,4
1713,1588,689,0,4
1713,1662,776,0,4
1714,1589,733,0,4
1715,1590,732,0,4
1717,1592,776,0,4
1718,1593,733,0,4
1719,1594,820,0,4
1720,1595,776,0,4
1721,1596,733,0,4
1721,1662,755,0,4
1722,1597,733,0,4
1722,1662,755,0,4
1723,1662,755,0,4
1724,1599,777,0,4
1724,1662,777,0,4
1725,1600,820,0,4
1726,1601,777,0,4
1727,1602,777,0,4
1727,1662,777,0,4
1728,1603,777,0,4
1728,1662,777,0,4
1729,1604,821,0,4
1730,1605,799,0,4
1731,1606,777,0,4
1732,1607,864,0,4
1732,1740,1192,0,4
1733,1608,821,0,4
1734,1609,908,0,4
1735,1610,864,0,4
1739,1614,865,0,4
1740,1615,908,0,4
1740,1732,1192,0,4
1741,1616,865,0,4
1742,1617,865,0,4
1743,1618,865,0,4
1744,1619,909,0,4
1745,1620,887,0,4
1746,1621,909,0,4
1747,1622,909,0,4
1748,1623,909,0,4
1749,1624,953,0,4
1750,1625,931,0,4
1751,1626,909,0,4
1753,1628,953,0,4
1755,1630,996,0,4
1756,1631,953,0,4
1757,1632,953,0,4
1779,1654,1544,0,4
1781,1656,1544,0,4
1782,1657,1544,0,4
1783,1658,1544,0,4
1784,1659,4,0,4
1785,1660,1544,0,4
1786,1661,25,0,4
1787,1584,1544,0,4
1787,1585,1522,0,4
1787,1588,1544,0,4
1787,1589,1544,0,4
1787,1591,1544,0,4
1787,1592,1544,0,4
1787,1593,1544,0,4
1787,1594,25,0,4
1787,1595,1544,0,4
1787,1596,1544,0,4
1787,1597,1544,0,4
1787,1598,1544,0,4
1787,1599,1544,0,4
1787,1600,25,0,4
1787,1601,25,0,4
1787,1602,1544,0,4
1787,1603,1544,0,4
1787,1604,25,0,4
1787,1605,1544,0,4
1787,1606,1544,0,4
1787,1607,25,0,4
1787,1608,25,0,4
1787,1609,25,0,4
1787,1610,25,0,4
1787,1611,25,0,4
1787,1612,25,0,4
1787,1613,25,0,4
1787,1614,25,0,4
1787,1615,25,0,4
1787,1616,25,0,4
1787,1617,25,0,4
1787,1618,25,0,4
1787,1619,25,0,4
1787,1620,25,0,4
1787,1621,25,0,4
1787,1622,25,0,4
1787,1623,25,0,4
1787,1624,25,0,4
1787,1625,25,0,4
1787,1626,25,0,4
1787,1627,25,0,4
1787,1628,25,0,4
1787,1629,25,0,4
1787,1630,25,0,4
1787,1631,25,0,4
1787,1632,25,0,4
1787,1633,25,0,4
1787,1634,25,0,4
1787,1635,25,0,4
1787,1636,25,0,4
1787,1637,25,0,4
1787,1638,25,0,4
1787,1639,25,0,4
1787,1640,25,0,4
1787,1641,25,0,4
1787,1642,25,0,4
1787,1643,25,0,4
1787,1644,25,0,4
1787,1645,25,0,4
1787,1646,25,0,4
1787,1647,25,0,4
1787,1648,25,0,4
1787,1649,25,0,4
1787,1650,25,0,4
1787,1651,25,0,4
1787,1652,25,0,4
1787,1653,25,0,4
1787,1654,25,0,4
1787,1655,25,0,4
1787,1656,25,0,4
1787,1657,25,0,4
1787,1658,25,0,4
1787,1660,25,0,4
1787,1661,25,0,4
1787,1662,25,0,4
1787,1799,1457,0,4
1787,1801,1304,0,4
1787,1803,1457,0,4
1787,1806,1544,0,4
1787,1807,1544,0,4
1787,1808,1544,0,4
1787,1809,1391,0,4
1787,1810,1544,0,4
1787,1811,1391,0,4
1787,1812,1391,0,4
1787,1813,1391,0,4
1787,1815,1457,0,4
1787,1818,1457,0,4
1788,1663,4,0,4
1789,1664,69,0,4
1790,1665,4,0,4
1791,1666,4,0,4
1792,1667,4,0,4
1793,1668,69,0,4
1794,1669,48,0,4
1794,1799,1348,0,4
1795,1670,4,0,4
1796,1671,48,0,4
1797,1672,48,0,4
1798,1673,48,0,4
1799,1674,92,0,4
1799,1787,1435,0,4
1799,1794,1348,0,4
1800,1675,48,0,4
1801,1676,92,0,4
1801,1787,1304,0,4
1802,1677,92,0,4
1803,1678,92,0,4
1803,1787,1435,0,4
1804,1679,136,0,4
1805,1680,92,0,4
1806,1681,157,0,4
1807,1682,157,0,4
1808,1683,157,0,4
1809,1684,201,0,4
1809,1787,1392,0,4
1810,1685,92,0,4
1811,1686,136,0,4
1811,1787,1392,0,4
1812,1687,136,0,4
1812,1787,1392,0,4
1813,1688,201,0,4
1813,1787,1392,0,4
1814,1689,180,0,4
1815,1690,136,0,4
1815,1787,1479,0,4
1816,1691,180,0,4
1817,1692,180,0,4
1818,1693,180,0,4
1818,1787,1436,0,4
1820,1695,180,0,4
1821,1696,245,0,4
1822,1697,224,0,4
1824,1699,289,0,4
1825,1700,224,0,4
1828,1703,289,0,4
1829,1704,268,0,4
1830,1705,224,0,4
1831,1706,268,0,4
1832,1707,268,0,4
1833,1708,268,0,4
