378,1599,400,3,0
379,1599,401,3,0
400,1630,422,3,0
412,1630,434,3,0
413,1630,435,3,0
422,1630,1630,4,0
434,1630,435,2,1
435,1630,436,2,1
444,1630,422,0,3
456,1630,434,0,3
457,1630,435,0,3
1170,1724,1192,3,0
1171,1724,1193,3,0
1192,1755,1214,3,0
1204,1755,1226,3,0
1205,1755,1227,3,0
1214,1755,1755,4,0
1226,1755,1227,2,1
1227,1755,1228,2,1
1236,1755,1214,0,3
1248,1755,1226,0,3
1249,1755,1227,0,3
1590,1715,1503,0,4
1592,1717,377,0,4
1594,1719,421,0,4
1595,1720,356,0,4
1599,1614,95,0,4
1599,1617,95,0,4
1599,1620,313,0,4
1599,1630,400,0,4
1599,1640,313,0,4
1599,1649,313,0,4
1599,1651,313,0,4
1599,1652,313,0,4
1599,1653,313,0,4
1599,1655,400,0,4
1599,1656,400,0,4
1599,1668,400,0,4
1599,1724,400,0,4
1600,1725,356,0,4
1601,1630,400,0,4
1601,1726,400,0,4
1602,1630,400,0,4
1602,1727,400,0,4
1603,1630,400,0,4
1603,1728,400,0,4
1604,1630,444,0,4
1604,1729,444,0,4
1604,1831,203,0,4
1605,1730,400,0,4
1606,1630,400,0,4
1606,1731,465,0,4
1607,1732,444,0,4
1608,1733,444,0,4
1609,1734,73,0,4
1611,1630,422,0,4
1611,1736,444,0,4
1612,1737,116,0,4
1614,1599,95,0,4
1615,1630,422,0,4
1615,1740,116,0,4
1616,1741,73,0,4
1617,1599,95,0,4
1619,1744,117,0,4
1620,1599,313,0,4
1620,1745,95,0,4
1621,1746,117,0,4
1622,1747,117,0,4
1623,1748,117,0,4
1624,1749,161,0,4
1625,1750,139,0,4
1626,1751,117,0,4
1627,1752,161,0,4
1628,1753,161,0,4
1630,1599,422,0,4
1630,1601,422,0,4
1630,1602,422,0,4
1630,1603,422,0,4
1630,1604,422,0,4
1630,1606,422,0,4
1630,1607,422,0,4
1630,1608,422,0,4
1630,1611,422,0,4
1630,1615,422,0,4
1631,1756,161,0,4
1632,1757,161,0,4
1640,1599,314,0,4
1649,1599,315,0,4
1651,1599,315,0,4
1652,1599,315,0,4
1653,1599,315,0,4
1659,1784,796,0,4
1662,1787,796,0,4
1663,1788,796,0,4
1664,1789,861,0,4
1665,1790,796,0,4
1668,1793,861,0,4
1669,1794,840,0,4
1671,1796,840,0,4
1672,1797,840,0,4
1673,1798,840,0,4
1674,1799,884,0,4
1675,1800,840,0,4
1676,1801,884,0,4
1677,1802,884,0,4
1678,1803,884,0,4
1679,1804,928,0,4
1680,1805,884,0,4
1681,1806,949,0,4
1682,1807,949,0,4
1683,1808,928,0,4
1684,1809,993,0,4
1685,1810,928,0,4
1686,1811,928,0,4
1687,1812,928,0,4
1688,1813,993,0,4
1689,1814,972,0,4
1690,1815,928,0,4
1692,1817,972,0,4
1693,1818,972,0,4
1695,1820,972,0,4
1696,1821,1037,0,4
1699,1824,1060,0,4
1700,1825,1016,0,4
1704,1829,1060,0,4
1705,1830,1016,0,4
1706,1729,994,0,4
1706,1831,1060,0,4
1707,1832,1060,0,4
1708,1833,1060,0,4
1715,1590,1104,0,4
1717,1592,776,0,4
1719,1594,820,0,4
1720,1595,776,0,4
1724,1599,777,0,4
1724,1739,887,0,4
1724,1742,887,0,4
1724,1745,1105,0,4
1724,1755,1192,0,4
1724,1765,1105,0,4
1724,1774,1105,0,4
1724,1776,1105,0,4
1724,1777,1105,0,4
1724,1778,1105,0,4
1724,1780,1192,0,4
1724,1781,1192,0,4
1724,1793,1192,0,4
1725,1600,820,0,4
1726,1601,777,0,4
1726,1755,1192,0,4
1727,1602,777,0,4
1727,1755,1192,0,4
1728,1603,777,0,4
1728,1755,1192,0,4
1729,1604,821,0,4
1729,1706,995,0,4
1729,1755,1236,0,4
1730,1605,799,0,4
1731,1606,777,0,4
1731,1755,1192,0,4
1732,1607,821,0,4
1733,1608,821,0,4
1734,1609,1280,0,4
1736,1611,821,0,4
1736,1755,1214,0,4
1737,1612,1301,0,4
1739,1724,887,0,4
1740,1615,1236,0,4
1740,1755,1214,0,4
1741,1616,1280,0,4
1742,1724,887,0,4
1744,1619,1324,0,4
1745,1620,1280,0,4
1745,1724,1105,0,4
1746,1621,1324,0,4
1747,1622,1324,0,4
1748,1623,1324,0,4
1749,1624,1368,0,4
1750,1625,1324,0,4
1751,1626,1389,0,4
1752,1627,1368,0,4
1753,1628,1368,0,4
1755,1724,1214,0,4
1755,1726,1214,0,4
1755,1727,1214,0,4
1755,1728,1214,0,4
1755,1729,1214,0,4
1755,1731,1214,0,4
1755,1732,1214,0,4
1755,1733,1214,0,4
1755,1736,1214,0,4
1755,1740,1214,0,4
1756,1631,1368,0,4
1757,1632,1368,0,4
1765,1724,1106,0,4
1774,1724,1107,0,4
1776,1724,1107,0,4
1777,1724,1107,0,4
1778,1724,1107,0,4
1784,1659,1173,0,4
1787,1662,1173,0,4
1788,1663,1173,0,4
1789,1664,1217,0,4
1790,1665,1216,0,4
1793,1668,1173,0,4
1794,1669,1217,0,4
1796,1671,1217,0,4
1797,1672,1217,0,4
1798,1673,1217,0,4
1799,1674,1261,0,4
1800,1675,1239,0,4
1801,1676,1261,0,4
1802,1677,1261,0,4
1803,1678,1261,0,4
1804,1679,1305,0,4
1805,1680,1283,0,4
1806,1681,1261,0,4
1807,1682,1348,0,4
1808,1683,1305,0,4
1809,1684,1305,0,4
1810,1685,1348,0,4
1811,1686,1305,0,4
1812,1687,1305,0,4
1813,1688,1305,0,4
1814,1689,1349,0,4
1815,1690,1392,0,4
1817,1692,1349,0,4
1818,1693,1349,0,4
1820,1695,1371,0,4
1821,1696,1349,0,4
1824,1699,1437,0,4
1825,1700,1436,0,4
1829,1704,1437,0,4
1830,1705,1480,0,4
1831,1604,202,0,4
1831,1706,1437,0,4
1832,1707,1437,0,4
1833,1708,1437,0,4
