14,1754,15,1,0
36,1754,37,2,1
58,1754,59,2,1
80,1754,81,2,1
102,1754,103,2,1
124,1754,125,2,1
146,1754,147,2,1
150,1647,151,2,1
161,1622,183,3,0
168,1754,169,2,1
169,1622,191,3,0
170,1622,192,3,0
172,1647,173,2,1
190,1754,191,2,1
201,1827,223,3,0
212,1754,213,2,1
234,1754,235,2,1
256,1754,257,2,1
278,1754,279,2,1
300,1754,301,2,1
322,1754,323,2,1
344,1754,345,2,1
359,1754,381,3,0
381,1665,403,3,0
389,1665,411,3,0
390,1665,412,3,0
423,1754,445,3,0
543,1790,544,2,1
598,1629,576,0,3
599,1629,577,0,3
620,1629,598,0,3
621,1629,599,0,3
642,1629,641,1,2
643,1629,642,1,2
645,1705,667,3,0
652,1629,653,2,1
653,1705,675,3,0
654,1705,676,3,0
674,1629,675,2,1
696,1629,697,2,1
718,1629,719,2,1
740,1629,741,2,1
762,1629,763,2,1
784,1629,785,2,1
806,1629,807,2,1
828,1629,829,2,1
850,1629,851,2,1
872,1629,873,2,1
894,1629,895,2,1
916,1629,917,2,1
938,1629,939,2,1
942,1772,943,2,1
953,1747,975,3,0
960,1629,961,2,1
961,1747,983,3,0
962,1747,984,3,0
964,1772,965,2,1
982,1629,983,2,1
993,1702,1015,3,0
1004,1629,1005,2,1
1026,1629,1027,2,1
1048,1629,1049,2,1
1070,1629,1071,2,1
1092,1629,1093,2,1
1114,1629,1115,2,1
1136,1629,1137,2,1
1151,1629,1173,3,0
1173,1790,1195,3,0
1181,1790,1203,3,0
1182,1790,1204,3,0
1215,1629,1237,3,0
1335,1665,1336,2,1
1390,1754,1368,0,3
1391,1754,1369,0,3
1412,1754,1390,0,3
1413,1754,1391,0,3
1434,1754,1433,1,2
1435,1754,1434,1,2
1437,1830,1459,3,0
1444,1754,1445,2,1
1445,1830,1467,3,0
1446,1830,1468,3,0
1466,1754,1467,2,1
1488,1754,1489,2,1
1510,1754,1511,2,1
1532,1754,1533,2,1
1554,1754,1555,2,1
1576,1754,1577,2,1
1591,1716,377,0,4
1592,1594,312,0,4
1594,1592,312,0,4
1594,1719,421,0,4
1595,1720,356,0,4
1599,1724,400,0,4
1600,1725,356,0,4
1601,1726,400,0,4
1602,1727,400,0,4
1603,1728,400,0,4
1604,1729,444,0,4
1605,1730,400,0,4
1606,1731,444,0,4
1607,1732,444,0,4
1608,1733,444,0,4
1609,1734,488,0,4
1610,1735,444,0,4
1611,1736,444,0,4
1612,1737,509,0,4
1613,1738,488,0,4
1614,1739,488,0,4
1615,1740,444,0,4
1616,1741,488,0,4
1617,1742,488,0,4
1618,1743,488,0,4
1619,1744,532,0,4
1620,1745,488,0,4
1621,1746,532,0,4
1622,1747,532,0,4
1623,1748,532,0,4
1624,1749,576,0,4
1625,1750,532,0,4
1626,1751,597,0,4
1627,1752,576,0,4
1628,1753,576,0,4
1629,1646,271,0,4
1629,1648,336,0,4
1629,1649,576,0,4
1629,1651,576,0,4
1629,1652,576,0,4
1629,1653,576,0,4
1629,1654,423,0,4
1629,1655,576,0,4
1629,1656,358,0,4
1629,1657,489,0,4
1629,1658,423,0,4
1629,1660,489,0,4
1629,1661,423,0,4
1629,1675,489,0,4
1629,1680,554,0,4
1629,1684,576,0,4
1629,1686,576,0,4
1629,1687,576,0,4
1629,1688,576,0,4
1629,1689,576,0,4
1629,1690,576,0,4
1629,1691,576,0,4
1629,1692,576,0,4
1629,1693,576,0,4
1629,1694,576,0,4
1629,1695,576,0,4
1629,1696,554,0,4
1629,1697,641,0,4
1629,1698,576,0,4
1629,1699,641,0,4
1629,1700,641,0,4
1629,1701,576,0,4
1629,1702,576,0,4
1629,1703,576,0,4
1629,1704,641,0,4
1629,1705,641,0,4
1629,1706,641,0,4
1629,1707,641,0,4
1629,1708,641,0,4
1629,1709,641,0,4
1629,1710,641,0,4
1629,1711,641,0,4
1629,1712,641,0,4
1629,1713,641,0,4
1629,1714,641,0,4
1629,1715,641,0,4
1629,1716,641,0,4
1629,1717,641,0,4
1629,1718,641,0,4
1629,1719,641,0,4
1629,1720,641,0,4
1629,1721,641,0,4
1629,1722,641,0,4
1629,1723,641,0,4
1629,1724,641,0,4
1629,1725,641,0,4
1629,1726,641,0,4
1629,1727,641,0,4
1629,1728,641,0,4
1629,1729,641,0,4
1629,1730,641,0,4
1629,1731,641,0,4
1629,1732,641,0,4
1629,1733,641,0,4
1629,1734,641,0,4
1629,1735,641,0,4
1629,1736,641,0,4
1629,1737,641,0,4
1629,1738,641,0,4
1629,1739,641,0,4
1629,1740,641,0,4
1629,1741,641,0,4
1629,1742,641,0,4
1629,1743,641,0,4
1629,1744,641,0,4
1629,1745,641,0,4
1629,1746,641,0,4
1629,1747,641,0,4
1629,1748,641,0,4
1629,1749,641,0,4
1629,1750,641,0,4
1629,1751,641,0,4
1629,1752,641,0,4
1629,1753,641,0,4
1629,1754,641,0,4
1629,1755,641,0,4
1629,1756,641,0,4
1629,1757,641,0,4
1629,1758,641,0,4
1629,1760,641,0,4
1630,1755,576,0,4
1631,1756,576,0,4
1632,1757,576,0,4
1633,1758,641,0,4
1634,1759,620,0,4
1635,1760,576,0,4
1636,1761,620,0,4
1637,1762,620,0,4
1638,1763,620,0,4
1640,1765,620,0,4
1641,1766,664,0,4
1642,1767,664,0,4
1643,1768,664,0,4
1644,1769,708,0,4
1645,1770,664,0,4
1646,1629,271,0,4
1646,1771,729,0,4
1647,1772,729,0,4
1648,1629,336,0,4
1648,1773,708,0,4
1649,1774,773,0,4
1650,1775,708,0,4
1651,1776,708,0,4
1652,1777,708,0,4
1653,1778,773,0,4
1654,1629,424,0,4
1654,1671,752,0,4
1654,1779,752,0,4
1655,1780,708,0,4
1656,1629,380,0,4
1656,1781,752,0,4
1657,1629,511,0,4
1657,1782,752,0,4
1658,1629,424,0,4
1658,1783,752,0,4
1659,1784,796,0,4
1660,1629,511,0,4
1660,1785,752,0,4
1661,1629,424,0,4
1661,1786,817,0,4
1662,1787,796,0,4
1663,1788,796,0,4
1665,1790,796,0,4
1666,1791,796,0,4
1667,1792,796,0,4
1668,1793,861,0,4
1670,1795,796,0,4
1671,1654,752,0,4
1674,1799,884,0,4
1675,1629,512,0,4
1676,1801,884,0,4
1677,1802,884,0,4
1678,1803,884,0,4
1679,1804,928,0,4
1680,1629,556,0,4
1680,1805,884,0,4
1684,1809,993,0,4
1685,1810,556,0,4
1686,1811,928,0,4
1687,1812,928,0,4
1688,1813,993,0,4
1689,1629,579,0,4
1689,1814,972,0,4
1691,1629,579,0,4
1691,1816,972,0,4
1692,1629,579,0,4
1692,1817,972,0,4
1693,1629,579,0,4
1693,1818,972,0,4
1694,1629,601,0,4
1695,1629,579,0,4
1695,1820,972,0,4
1696,1629,557,0,4
1698,1629,601,0,4
1700,1825,1016,0,4
1701,1629,601,0,4
1716,1591,689,0,4
1717,1719,1104,0,4
1719,1594,777,0,4
1719,1717,1104,0,4
1720,1595,776,0,4
1724,1599,777,0,4
1725,1600,820,0,4
1726,1601,777,0,4
1727,1602,777,0,4
1728,1603,777,0,4
1729,1604,821,0,4
1730,1605,799,0,4
1731,1606,777,0,4
1732,1607,821,0,4
1733,1608,821,0,4
1734,1609,865,0,4
1735,1610,864,0,4
1736,1611,821,0,4
1737,1612,908,0,4
1738,1613,821,0,4
1739,1614,865,0,4
1740,1615,908,0,4
1741,1616,865,0,4
1742,1617,865,0,4
1743,1618,865,0,4
1744,1619,909,0,4
1745,1620,887,0,4
1746,1621,909,0,4
1747,1622,909,0,4
1748,1623,909,0,4
1749,1624,953,0,4
1750,1625,931,0,4
1751,1626,909,0,4
1752,1627,953,0,4
1753,1628,953,0,4
1754,1584,1433,0,4
1754,1585,1433,0,4
1754,1586,1433,0,4
1754,1587,1433,0,4
1754,1588,1433,0,4
1754,1589,1433,0,4
1754,1590,1433,0,4
1754,1591,1433,0,4
1754,1592,1433,0,4
1754,1593,1433,0,4
1754,1594,1433,0,4
1754,1595,1433,0,4
1754,1596,1433,0,4
1754,1597,1433,0,4
1754,1598,1433,0,4
1754,1599,1433,0,4
1754,1600,1433,0,4
1754,1601,1433,0,4
1754,1602,1433,0,4
1754,1603,1433,0,4
1754,1604,1433,0,4
1754,1605,1433,0,4
1754,1606,1433,0,4
1754,1607,1433,0,4
1754,1608,1433,0,4
1754,1609,1433,0,4
1754,1610,1433,0,4
1754,1611,1433,0,4
1754,1612,1433,0,4
1754,1613,1433,0,4
1754,1614,1433,0,4
1754,1615,1433,0,4
1754,1616,1433,0,4
1754,1617,1433,0,4
1754,1618,1433,0,4
1754,1619,1433,0,4
1754,1620,1433,0,4
1754,1621,1433,0,4
1754,1622,1433,0,4
1754,1623,1433,0,4
1754,1624,1433,0,4
1754,1625,1433,0,4
1754,1626,1433,0,4
1754,1627,1433,0,4
1754,1628,1433,0,4
1754,1629,997,0,4
1754,1630,1433,0,4
1754,1631,1433,0,4
1754,1632,1433,0,4
1754,1633,1433,0,4
1754,1635,1433,0,4
1754,1771,1063,0,4
1754,1773,1128,0,4
1754,1774,1368,0,4
1754,1776,1368,0,4
1754,1777,1368,0,4
1754,1778,1368,0,4
1754,1779,1215,0,4
1754,1780,1368,0,4
1754,1781,1150,0,4
1754,1782,1281,0,4
1754,1783,1215,0,4
1754,1785,1281,0,4
1754,1786,1215,0,4
1754,1800,1281,0,4
1754,1805,1346,0,4
1754,1809,1368,0,4
1754,1811,1368,0,4
1754,1812,1368,0,4
1754,1813,1368,0,4
1754,1814,1368,0,4
1754,1815,1368,0,4
1754,1816,1368,0,4
1754,1817,1368,0,4
1754,1818,1368,0,4
1754,1819,1368,0,4
1754,1820,1368,0,4
1754,1821,1346,0,4
1754,1822,1433,0,4
1754,1823,1368,0,4
1754,1824,1433,0,4
1754,1825,1433,0,4
1754,1826,1368,0,4
1754,1827,1368,0,4
1754,1828,1368,0,4
1754,1829,1433,0,4
1754,1830,1433,0,4
1754,1831,1433,0,4
1754,1832,1433,0,4
1754,1833,1433,0,4
1755,1630,996,0,4
1756,1631,953,0,4
1757,1632,953,0,4
1758,1633,953,0,4
1759,1634,997,0,4
1760,1635,1040,0,4
1761,1636,997,0,4
1762,1637,997,0,4
1763,1638,997,0,4
1765,1640,1019,0,4
1766,1641,1041,0,4
1767,1642,1041,0,4
1768,1643,1041,0,4
1769,1644,1085,0,4
1770,1645,1063,0,4
1771,1646,1041,0,4
1771,1754,1063,0,4
1772,1647,1128,0,4
1773,1648,1085,0,4
1773,1754,1128,0,4
1774,1649,1085,0,4
1775,1650,1128,0,4
1776,1651,1085,0,4
1777,1652,1085,0,4
1778,1653,1085,0,4
1779,1654,1129,0,4
1779,1754,1216,0,4
1779,1796,1544,0,4
1780,1655,1172,0,4
1781,1656,1129,0,4
1781,1754,1172,0,4
1782,1657,1129,0,4
1782,1754,1303,0,4
1783,1658,1129,0,4
1783,1754,1216,0,4
1784,1659,1173,0,4
1785,1660,1151,0,4
1785,1754,1303,0,4
1786,1661,1129,0,4
1786,1754,1216,0,4
1787,1662,1173,0,4
1788,1663,1173,0,4
1790,1665,1216,0,4
1791,1666,1173,0,4
1792,1667,1173,0,4
1793,1668,1173,0,4
1795,1670,1260,0,4
1796,1779,1544,0,4
1799,1674,1261,0,4
1800,1754,1304,0,4
1801,1676,1261,0,4
1802,1677,1261,0,4
1803,1678,1261,0,4
1804,1679,1305,0,4
1805,1680,1283,0,4
1805,1754,1348,0,4
1809,1684,1305,0,4
1810,1685,136,0,4
1811,1686,1305,0,4
1812,1687,1305,0,4
1813,1688,1305,0,4
1814,1689,1349,0,4
1814,1754,1371,0,4
1816,1691,1349,0,4
1816,1754,1371,0,4
1817,1692,1349,0,4
1817,1754,1371,0,4
1818,1693,1349,0,4
1818,1754,1371,0,4
1819,1754,1393,0,4
1820,1695,1371,0,4
1820,1754,1371,0,4
1821,1754,1349,0,4
1823,1754,1393,0,4
1825,1700,1436,0,4
1826,1754,1393,0,4
