161,1630,183,3,0
169,1630,191,3,0
170,1630,192,3,0
443,1618,465,3,0
456,1618,478,3,0
457,1618,479,3,0
458,1618,480,3,0
465,1618,1618,4,0
478,1618,479,2,1
479,1618,480,2,1
480,1618,481,2,1
487,1618,465,0,3
500,1618,478,0,3
501,1618,479,0,3
502,1618,480,0,3
621,1702,622,2,1
622,1702,623,2,1
623,1702,1702,4,0
631,1702,630,1,2
632,1702,631,1,2
953,1755,975,3,0
961,1755,983,3,0
962,1755,984,3,0
1235,1743,1257,3,0
1248,1743,1270,3,0
1249,1743,1271,3,0
1250,1743,1272,3,0
1257,1743,1743,4,0
1270,1743,1271,2,1
1271,1743,1272,2,1
1272,1743,1273,2,1
1279,1743,1257,0,3
1292,1743,1270,0,3
1293,1743,1271,0,3
1294,1743,1272,0,3
1413,1827,1414,2,1
1414,1827,1415,2,1
1415,1827,1827,4,0
1423,1827,1422,1,2
1424,1827,1423,1,2
1584,1588,268,0,4
1588,1584,268,0,4
1589,1597,312,0,4
1594,1719,1569,0,4
1595,1720,1568,0,4
1597,1589,312,0,4
1598,1723,1525,0,4
1599,1724,1569,0,4
1600,1725,28,0,4
1601,1726,1569,0,4
1602,1727,1569,0,4
1603,1728,1569,0,4
1604,1729,29,0,4
1605,1730,7,0,4
1606,1731,1569,0,4
1607,1732,29,0,4
1608,1733,29,0,4
1609,1734,73,0,4
1610,1735,72,0,4
1611,1736,29,0,4
1612,1737,116,0,4
1613,1738,29,0,4
1614,1739,73,0,4
1615,1740,116,0,4
1616,1741,73,0,4
1617,1742,73,0,4
1618,1743,73,0,4
1619,1744,117,0,4
1620,1745,95,0,4
1621,1746,117,0,4
1622,1747,117,0,4
1623,1748,117,0,4
1624,1749,161,0,4
1625,1750,139,0,4
1626,1751,117,0,4
1627,1752,161,0,4
1628,1753,161,0,4
1629,1754,205,0,4
1630,1755,204,0,4
1631,1756,161,0,4
1632,1757,161,0,4
1633,1758,161,0,4
1634,1702,620,0,4
1634,1759,205,0,4
1635,1760,248,0,4
1636,1761,205,0,4
1637,1762,205,0,4
1638,1763,205,0,4
1639,1764,249,0,4
1640,1702,620,0,4
1640,1765,227,0,4
1641,1766,249,0,4
1642,1767,249,0,4
1643,1768,249,0,4
1644,1769,293,0,4
1645,1770,271,0,4
1648,1773,293,0,4
1649,1774,293,0,4
1650,1775,336,0,4
1651,1776,293,0,4
1652,1777,293,0,4
1653,1778,293,0,4
1670,1795,468,0,4
1671,1702,622,0,4
1675,1800,447,0,4
1679,1804,513,0,4
1681,1806,469,0,4
1682,1807,556,0,4
1683,1808,513,0,4
1684,1809,513,0,4
1685,1810,556,0,4
1686,1702,623,0,4
1686,1811,513,0,4
1687,1812,513,0,4
1688,1702,623,0,4
1688,1813,513,0,4
1689,1814,557,0,4
1691,1816,557,0,4
1692,1817,557,0,4
1693,1818,557,0,4
1694,1819,601,0,4
1696,1821,557,0,4
1697,1822,601,0,4
1698,1823,601,0,4
1699,1824,645,0,4
1700,1825,644,0,4
1701,1826,601,0,4
1702,1634,623,0,4
1702,1636,623,0,4
1702,1637,623,0,4
1702,1638,623,0,4
1702,1640,623,0,4
1702,1671,623,0,4
1702,1686,623,0,4
1702,1688,623,0,4
1702,1827,601,0,4
1703,1828,601,0,4
1704,1829,645,0,4
1705,1830,688,0,4
1706,1831,645,0,4
1707,1832,645,0,4
1708,1833,645,0,4
1709,1713,1060,0,4
1713,1709,1060,0,4
1714,1722,1104,0,4
1719,1594,1213,0,4
1720,1595,1148,0,4
1722,1714,1104,0,4
1723,1598,1213,0,4
1724,1599,1192,0,4
1725,1600,1148,0,4
1726,1601,1192,0,4
1727,1602,1192,0,4
1728,1603,1192,0,4
1729,1604,1236,0,4
1730,1605,1192,0,4
1731,1606,1236,0,4
1732,1607,1236,0,4
1733,1608,1236,0,4
1734,1609,1280,0,4
1735,1610,1236,0,4
1736,1611,1236,0,4
1737,1612,1301,0,4
1738,1613,1280,0,4
1739,1614,1280,0,4
1740,1615,1236,0,4
1741,1616,1280,0,4
1742,1617,1280,0,4
1743,1618,1280,0,4
1744,1619,1324,0,4
1745,1620,1280,0,4
1746,1621,1324,0,4
1747,1622,1324,0,4
1748,1623,1324,0,4
1749,1624,1368,0,4
1750,1625,1324,0,4
1751,1626,1389,0,4
1752,1627,1368,0,4
1753,1628,1368,0,4
1754,1629,1433,0,4
1755,1630,1368,0,4
1756,1631,1368,0,4
1757,1632,1368,0,4
1758,1633,1433,0,4
1759,1634,1412,0,4
1759,1827,1412,0,4
1760,1635,1368,0,4
1761,1636,1412,0,4
1762,1637,1412,0,4
1763,1638,1412,0,4
1764,1639,1456,0,4
1765,1640,1412,0,4
1765,1827,1412,0,4
1766,1641,1456,0,4
1767,1642,1456,0,4
1768,1643,1456,0,4
1769,1644,1500,0,4
1770,1645,1456,0,4
1773,1648,1500,0,4
1774,1649,1565,0,4
1775,1650,1500,0,4
1776,1651,1500,0,4
1777,1652,1500,0,4
1778,1653,1565,0,4
1795,1670,4,0,4
1796,1827,1414,0,4
1800,1675,48,0,4
1804,1679,136,0,4
1806,1681,157,0,4
1807,1682,157,0,4
1808,1683,136,0,4
1809,1684,201,0,4
1810,1685,136,0,4
1811,1686,136,0,4
1811,1827,1415,0,4
1812,1687,136,0,4
1813,1688,201,0,4
1813,1827,1415,0,4
1814,1689,180,0,4
1816,1691,180,0,4
1817,1692,180,0,4
1818,1693,180,0,4
1819,1694,224,0,4
1821,1696,245,0,4
1822,1697,224,0,4
1823,1698,224,0,4
1824,1699,268,0,4
1825,1700,224,0,4
1826,1701,224,0,4
1827,1702,224,0,4
1827,1759,1415,0,4
1827,1761,1415,0,4
1827,1762,1415,0,4
1827,1763,1415,0,4
1827,1765,1415,0,4
1827,1796,1415,0,4
1827,1811,1415,0,4
1827,1813,1415,0,4
1828,1703,289,0,4
1829,1704,268,0,4
1830,1705,224,0,4
1831,1706,268,0,4
1832,1707,268,0,4
1833,1708,268,0,4
