91,1810,113,3,0
104,1810,126,3,0
105,1810,127,3,0
106,1810,128,3,0
113,1810,1810,4,0
126,1810,127,2,1
127,1810,128,2,1
135,1810,113,0,3
148,1810,126,0,3
149,1810,127,0,3
150,1665,151,2,1
150,1810,128,0,3
157,1810,135,0,3
159,1606,181,3,0
172,1665,173,2,1
172,1810,150,0,3
179,1810,157,0,3
194,1810,172,0,3
201,1810,179,0,3
216,1810,194,0,3
223,1810,201,0,3
238,1810,216,0,3
245,1810,223,0,3
260,1810,238,0,3
267,1810,245,0,3
282,1810,260,0,3
289,1810,267,0,3
302,1593,324,3,0
304,1810,282,0,3
311,1810,289,0,3
326,1810,304,0,3
333,1810,311,0,3
336,1649,358,3,0
348,1810,326,0,3
355,1810,333,0,3
370,1810,348,0,3
377,1810,355,0,3
392,1810,370,0,3
399,1810,377,0,3
414,1810,392,0,3
421,1810,399,0,3
436,1810,414,0,3
443,1810,421,0,3
458,1810,436,0,3
465,1614,487,3,0
465,1810,443,0,3
480,1810,458,0,3
487,1810,465,0,3
502,1810,480,0,3
509,1810,487,0,3
522,1646,544,3,0
524,1810,502,0,3
531,1810,509,0,3
546,1810,524,0,3
553,1810,531,0,3
568,1810,546,0,3
575,1810,553,0,3
590,1810,568,0,3
597,1810,575,0,3
612,1810,590,0,3
619,1810,597,0,3
634,1810,612,0,3
641,1810,619,0,3
656,1810,634,0,3
663,1810,641,0,3
675,1810,676,2,1
678,1810,656,0,3
685,1810,663,0,3
700,1810,678,0,3
707,1810,685,0,3
720,1810,698,0,3
722,1810,700,0,3
729,1810,707,0,3
744,1810,722,0,3
751,1810,729,0,3
765,1810,743,0,3
766,1810,744,0,3
773,1810,751,0,3
788,1810,766,0,3
883,1685,905,3,0
896,1685,918,3,0
897,1685,919,3,0
898,1685,920,3,0
905,1685,1685,4,0
918,1685,919,2,1
919,1685,920,2,1
927,1685,905,0,3
940,1685,918,0,3
941,1685,919,0,3
942,1685,920,0,3
942,1790,943,2,1
949,1685,927,0,3
951,1731,973,3,0
964,1685,942,0,3
964,1790,965,2,1
971,1685,949,0,3
986,1685,964,0,3
993,1685,971,0,3
1008,1685,986,0,3
1015,1685,993,0,3
1030,1685,1008,0,3
1037,1685,1015,0,3
1052,1685,1030,0,3
1059,1685,1037,0,3
1074,1685,1052,0,3
1081,1685,1059,0,3
1094,1718,1116,3,0
1096,1685,1074,0,3
1103,1685,1081,0,3
1118,1685,1096,0,3
1125,1685,1103,0,3
1128,1774,1150,3,0
1140,1685,1118,0,3
1147,1685,1125,0,3
1162,1685,1140,0,3
1169,1685,1147,0,3
1184,1685,1162,0,3
1191,1685,1169,0,3
1206,1685,1184,0,3
1213,1685,1191,0,3
1228,1685,1206,0,3
1235,1685,1213,0,3
1250,1685,1228,0,3
1257,1685,1235,0,3
1257,1739,1279,3,0
1272,1685,1250,0,3
1279,1685,1257,0,3
1294,1685,1272,0,3
1301,1685,1279,0,3
1314,1771,1336,3,0
1316,1685,1294,0,3
1323,1685,1301,0,3
1338,1685,1316,0,3
1345,1685,1323,0,3
1360,1685,1338,0,3
1367,1685,1345,0,3
1382,1685,1360,0,3
1389,1685,1367,0,3
1404,1685,1382,0,3
1411,1685,1389,0,3
1426,1685,1404,0,3
1433,1685,1411,0,3
1448,1685,1426,0,3
1455,1685,1433,0,3
1467,1685,1468,2,1
1470,1685,1448,0,3
1477,1685,1455,0,3
1492,1685,1470,0,3
1499,1685,1477,0,3
1512,1685,1490,0,3
1514,1685,1492,0,3
1521,1685,1499,0,3
1536,1685,1514,0,3
1543,1685,1521,0,3
1557,1685,1535,0,3
1558,1685,1536,0,3
1565,1685,1543,0,3
1580,1685,1558,0,3
1584,1709,312,0,4
1585,1710,268,0,4
1586,1711,312,0,4
1587,1712,312,0,4
1588,1713,312,0,4
1589,1714,356,0,4
1590,1715,312,0,4
1591,1716,377,0,4
1592,1717,356,0,4
1593,1718,356,0,4
1596,1721,356,0,4
1597,1722,356,0,4
1598,1723,421,0,4
1610,1636,226,0,4
1614,1627,488,0,4
1626,1751,117,0,4
1627,1614,488,0,4
1636,1610,227,0,4
1649,1774,773,0,4
1653,1778,773,0,4
1654,1779,752,0,4
1656,1781,752,0,4
1657,1782,752,0,4
1658,1783,752,0,4
1659,1784,796,0,4
1660,1785,752,0,4
1661,1786,817,0,4
1662,1787,796,0,4
1663,1788,796,0,4
1664,1789,840,0,4
1665,1790,796,0,4
1666,1791,796,0,4
1667,1792,796,0,4
1668,1793,861,0,4
1669,1794,840,0,4
1670,1795,796,0,4
1671,1796,840,0,4
1672,1797,840,0,4
1673,1798,840,0,4
1674,1799,884,0,4
1675,1800,840,0,4
1676,1801,884,0,4
1677,1802,884,0,4
1678,1803,884,0,4
1679,1804,928,0,4
1680,1805,884,0,4
1681,1806,949,0,4
1682,1807,928,0,4
1683,1808,928,0,4
1684,1809,993,0,4
1685,1810,928,0,4
1686,1811,928,0,4
1687,1812,928,0,4
1688,1813,993,0,4
1689,1814,972,0,4
1691,1816,972,0,4
1692,1817,972,0,4
1693,1818,972,0,4
1694,1819,601,0,4
1695,1820,972,0,4
1697,1822,601,0,4
1698,1823,601,0,4
1699,1824,645,0,4
1700,1825,644,0,4
1705,1830,688,0,4
1709,1584,689,0,4
1710,1585,667,0,4
1711,1586,689,0,4
1712,1587,689,0,4
1713,1588,689,0,4
1714,1589,733,0,4
1715,1590,711,0,4
1716,1591,689,0,4
1717,1592,733,0,4
1718,1593,733,0,4
1721,1596,733,0,4
1722,1597,733,0,4
1723,1598,733,0,4
1735,1761,1018,0,4
1739,1752,1280,0,4
1751,1626,1389,0,4
1752,1739,1280,0,4
1761,1735,1019,0,4
1774,1649,1085,0,4
1778,1653,1085,0,4
1779,1654,1129,0,4
1781,1656,1129,0,4
1782,1657,1129,0,4
1783,1658,1129,0,4
1784,1659,1173,0,4
1785,1660,1151,0,4
1786,1661,1129,0,4
1787,1662,1173,0,4
1788,1663,1173,0,4
1789,1664,1217,0,4
1790,1665,1216,0,4
1791,1666,1173,0,4
1792,1667,1173,0,4
1793,1668,1173,0,4
1794,1669,1217,0,4
1795,1670,1260,0,4
1796,1671,1217,0,4
1797,1672,1217,0,4
1798,1673,1217,0,4
1799,1674,1261,0,4
1800,1675,1239,0,4
1801,1676,1261,0,4
1802,1677,1261,0,4
1803,1678,1261,0,4
1804,1679,1305,0,4
1805,1680,1283,0,4
1806,1681,1261,0,4
1807,1682,1305,0,4
1808,1683,1305,0,4
1809,1684,1305,0,4
1810,1685,1348,0,4
1811,1686,1305,0,4
1812,1687,1305,0,4
1813,1688,1305,0,4
1814,1689,1349,0,4
1816,1691,1349,0,4
1817,1692,1349,0,4
1818,1693,1349,0,4
1819,1694,224,0,4
1820,1695,1371,0,4
1822,1697,224,0,4
1823,1698,224,0,4
1824,1699,268,0,4
1825,1700,224,0,4
1830,1705,224,0,4
