71,1612,93,3,0
774,1687,796,3,0
863,1737,885,3,0
1566,1812,4,3,3
1585,1710,268,0,4
1589,1714,1525,0,4
1590,1715,1503,0,4
1591,1716,377,0,4
1592,1717,1525,0,4
1593,1718,1525,0,4
1594,1719,1569,0,4
1595,1720,1568,0,4
1596,1721,1525,0,4
1597,1722,1525,0,4
1598,1723,1525,0,4
1599,1724,1569,0,4
1600,1725,28,0,4
1601,1726,1569,0,4
1602,1727,1569,0,4
1603,1728,1569,0,4
1604,1729,29,0,4
1605,1730,7,0,4
1606,1731,29,0,4
1607,1732,29,0,4
1608,1733,29,0,4
1609,1734,73,0,4
1609,1833,182,0,4
1610,1735,29,0,4
1611,1736,29,0,4
1612,1734,116,0,4
1612,1737,116,0,4
1612,1739,116,0,4
1612,1740,116,0,4
1612,1741,116,0,4
1612,1742,116,0,4
1612,1743,116,0,4
1612,1744,116,0,4
1612,1745,116,0,4
1612,1746,116,0,4
1612,1747,116,0,4
1612,1748,116,0,4
1612,1749,116,0,4
1612,1750,116,0,4
1612,1751,116,0,4
1612,1752,116,0,4
1612,1753,116,0,4
1612,1754,116,0,4
1612,1755,116,0,4
1612,1756,116,0,4
1612,1757,116,0,4
1612,1758,116,0,4
1612,1759,116,0,4
1612,1760,116,0,4
1612,1761,116,0,4
1612,1762,116,0,4
1612,1763,116,0,4
1612,1764,116,0,4
1612,1765,116,0,4
1612,1766,116,0,4
1612,1767,116,0,4
1612,1768,116,0,4
1612,1769,116,0,4
1612,1770,116,0,4
1612,1771,116,0,4
1612,1772,116,0,4
1612,1773,116,0,4
1612,1774,116,0,4
1612,1775,116,0,4
1612,1776,116,0,4
1612,1777,116,0,4
1612,1778,116,0,4
1612,1779,116,0,4
1612,1780,116,0,4
1612,1781,116,0,4
1612,1782,116,0,4
1612,1783,116,0,4
1612,1784,116,0,4
1612,1785,116,0,4
1612,1786,116,0,4
1612,1787,116,0,4
1612,1788,116,0,4
1612,1789,116,0,4
1612,1790,116,0,4
1612,1791,116,0,4
1612,1792,116,0,4
1612,1793,116,0,4
1612,1794,116,0,4
1612,1795,116,0,4
1612,1796,116,0,4
1612,1797,116,0,4
1612,1798,116,0,4
1612,1800,116,0,4
1613,1738,29,0,4
1614,1739,73,0,4
1615,1740,116,0,4
1616,1741,73,0,4
1617,1742,73,0,4
1618,1743,73,0,4
1619,1744,117,0,4
1620,1745,160,0,4
1621,1746,117,0,4
1622,1747,117,0,4
1623,1748,117,0,4
1624,1749,161,0,4
1625,1750,139,0,4
1626,1751,117,0,4
1627,1752,161,0,4
1628,1631,532,0,4
1628,1753,161,0,4
1629,1754,205,0,4
1630,1755,204,0,4
1631,1628,532,0,4
1631,1756,161,0,4
1632,1757,161,0,4
1633,1758,161,0,4
1634,1759,205,0,4
1635,1760,248,0,4
1636,1761,205,0,4
1637,1762,205,0,4
1638,1763,205,0,4
1640,1765,227,0,4
1654,1779,337,0,4
1656,1781,337,0,4
1657,1782,337,0,4
1658,1783,337,0,4
1659,1784,796,0,4
1662,1787,796,0,4
1663,1788,796,0,4
1665,1790,796,0,4
1670,1795,796,0,4
1674,1799,884,0,4
1675,1800,840,0,4
1676,1801,884,0,4
1677,1802,884,0,4
1678,1803,884,0,4
1679,1804,928,0,4
1681,1806,949,0,4
1682,1807,928,0,4
1683,1808,928,0,4
1684,1809,993,0,4
1685,1810,928,0,4
1686,1811,928,0,4
1687,1812,928,0,4
1688,1813,993,0,4
1690,1815,928,0,4
1694,1819,1016,0,4
1695,1820,972,0,4
1697,1822,1016,0,4
1698,1823,1016,0,4
1700,1825,1016,0,4
1701,1826,1016,0,4
1705,1830,1016,0,4
1708,1734,973,0,4
1710,1585,667,0,4
1714,1589,1148,0,4
1715,1590,1104,0,4
1716,1591,689,0,4
1717,1592,1148,0,4
1718,1593,1148,0,4
1719,1594,1213,0,4
1720,1595,1148,0,4
1721,1596,1148,0,4
1722,1597,1148,0,4
1723,1598,1213,0,4
1724,1599,1192,0,4
1725,1600,1148,0,4
1726,1601,1192,0,4
1727,1602,1192,0,4
1728,1603,1192,0,4
1729,1604,1236,0,4
1730,1605,1192,0,4
1731,1606,1236,0,4
1732,1607,1236,0,4
1733,1608,1236,0,4
1734,1609,1280,0,4
1734,1708,974,0,4
1735,1610,1236,0,4
1736,1611,1301,0,4
1737,1609,908,0,4
1737,1612,1301,0,4
1737,1614,908,0,4
1737,1615,908,0,4
1737,1616,908,0,4
1737,1617,908,0,4
1737,1618,908,0,4
1737,1619,908,0,4
1737,1620,908,0,4
1737,1621,908,0,4
1737,1622,908,0,4
1737,1623,908,0,4
1737,1624,908,0,4
1737,1625,908,0,4
1737,1626,908,0,4
1737,1627,908,0,4
1737,1628,908,0,4
1737,1629,908,0,4
1737,1630,908,0,4
1737,1631,908,0,4
1737,1632,908,0,4
1737,1633,908,0,4
1737,1634,908,0,4
1737,1635,908,0,4
1737,1636,908,0,4
1737,1637,908,0,4
1737,1638,908,0,4
1737,1639,908,0,4
1737,1640,908,0,4
1737,1641,908,0,4
1737,1642,908,0,4
1737,1643,908,0,4
1737,1644,908,0,4
1737,1645,908,0,4
1737,1646,908,0,4
1737,1647,908,0,4
1737,1648,908,0,4
1737,1649,908,0,4
1737,1650,908,0,4
1737,1651,908,0,4
1737,1652,908,0,4
1737,1653,908,0,4
1737,1654,908,0,4
1737,1655,908,0,4
1737,1656,908,0,4
1737,1657,908,0,4
1737,1658,908,0,4
1737,1659,908,0,4
1737,1660,908,0,4
1737,1661,908,0,4
1737,1662,908,0,4
1737,1663,908,0,4
1737,1664,908,0,4
1737,1665,908,0,4
1737,1666,908,0,4
1737,1667,908,0,4
1737,1668,908,0,4
1737,1669,908,0,4
1737,1670,908,0,4
1737,1671,908,0,4
1737,1672,908,0,4
1737,1673,908,0,4
1737,1675,908,0,4
1738,1613,1280,0,4
1739,1614,1280,0,4
1740,1615,1280,0,4
1741,1616,1280,0,4
1742,1617,1280,0,4
1743,1618,1345,0,4
1744,1619,1324,0,4
1745,1620,1280,0,4
1746,1621,1324,0,4
1747,1622,1324,0,4
1748,1623,1324,0,4
1749,1624,1368,0,4
1750,1625,1324,0,4
1751,1626,1389,0,4
1752,1627,1368,0,4
1753,1628,1368,0,4
1753,1756,1324,0,4
1754,1629,1412,0,4
1755,1630,1368,0,4
1756,1631,1368,0,4
1756,1753,1324,0,4
1757,1632,1368,0,4
1758,1633,1433,0,4
1759,1634,1412,0,4
1760,1635,1368,0,4
1761,1636,1412,0,4
1762,1637,1412,0,4
1763,1638,1412,0,4
1765,1640,1412,0,4
1779,1654,1544,0,4
1781,1656,1544,0,4
1782,1657,1544,0,4
1783,1658,1544,0,4
1784,1659,1173,0,4
1787,1662,1173,0,4
1788,1663,1173,0,4
1790,1665,1216,0,4
1795,1670,1260,0,4
1799,1674,1261,0,4
1800,1675,1239,0,4
1801,1676,1261,0,4
1802,1677,1261,0,4
1803,1678,1261,0,4
1804,1679,1305,0,4
1806,1681,1261,0,4
1807,1682,1305,0,4
1808,1683,1305,0,4
1809,1684,1305,0,4
1810,1685,1348,0,4
1811,1686,1305,0,4
1812,1687,1305,0,4
1813,1688,1305,0,4
1815,1690,1392,0,4
1819,1694,1393,0,4
1820,1695,1371,0,4
1822,1697,1393,0,4
1823,1698,1393,0,4
1825,1700,1393,0,4
1826,1701,1393,0,4
1830,1705,1480,0,4
1833,1609,181,0,4
