95,1598,94,1,2
126,1829,148,3,0
709,1712,731,3,0
710,1712,732,3,0
722,1712,723,2,1
731,1712,732,2,1
732,1712,1712,4,0
742,1681,764,3,0
753,1712,731,0,3
754,1712,732,0,3
887,1723,886,1,2
918,1704,940,3,0
1501,1587,1523,3,0
1502,1587,1524,3,0
1514,1587,1515,2,1
1523,1587,1524,2,1
1524,1587,1587,4,0
1534,1806,1556,3,0
1545,1587,1523,0,3
1546,1587,1524,0,3
1585,1710,268,0,4
1587,1769,1524,0,4
1587,1771,1524,0,4
1587,1772,1524,0,4
1587,1773,1524,0,4
1587,1774,1524,0,4
1587,1775,1524,0,4
1587,1776,1524,0,4
1587,1777,1524,0,4
1587,1778,1524,0,4
1587,1779,1524,0,4
1587,1780,1524,0,4
1587,1781,1524,0,4
1587,1782,1524,0,4
1587,1783,1524,0,4
1587,1784,1524,0,4
1587,1785,1524,0,4
1587,1786,1524,0,4
1587,1787,1524,0,4
1587,1788,1524,0,4
1587,1789,1524,0,4
1587,1790,1524,0,4
1587,1791,1524,0,4
1587,1792,1524,0,4
1587,1793,1524,0,4
1587,1794,1524,0,4
1587,1795,1524,0,4
1587,1797,1524,0,4
1587,1798,1524,0,4
1587,1799,1524,0,4
1587,1800,1524,0,4
1587,1801,1524,0,4
1587,1802,1524,0,4
1587,1804,1524,0,4
1587,1809,1524,0,4
1587,1810,1524,0,4
1587,1811,1524,0,4
1587,1812,1524,0,4
1587,1813,1524,0,4
1587,1814,1524,0,4
1587,1815,1524,0,4
1587,1817,1524,0,4
1587,1818,1524,0,4
1587,1820,1524,0,4
1587,1821,1524,0,4
1587,1822,1524,0,4
1587,1825,1524,0,4
1595,1720,356,0,4
1624,1749,161,0,4
1625,1750,139,0,4
1627,1752,161,0,4
1628,1753,161,0,4
1629,1754,205,0,4
1631,1756,161,0,4
1632,1757,161,0,4
1633,1758,161,0,4
1634,1759,205,0,4
1636,1761,205,0,4
1637,1762,205,0,4
1638,1763,205,0,4
1639,1764,249,0,4
1641,1766,249,0,4
1642,1767,249,0,4
1643,1768,249,0,4
1646,1712,729,0,4
1647,1712,729,0,4
1655,1663,424,0,4
1659,1712,730,0,4
1661,1712,730,0,4
1662,1712,730,0,4
1663,1655,424,0,4
1663,1712,730,0,4
1664,1712,709,0,4
1664,1789,425,0,4
1665,1712,730,0,4
1665,1790,424,0,4
1666,1712,709,0,4
1667,1677,796,0,4
1667,1712,709,0,4
1668,1712,709,0,4
1669,1794,425,0,4
1670,1712,709,0,4
1670,1795,468,0,4
1671,1796,425,0,4
1672,1797,425,0,4
1673,1712,753,0,4
1673,1798,425,0,4
1674,1712,731,0,4
1675,1800,447,0,4
1676,1712,753,0,4
1677,1667,796,0,4
1677,1712,753,0,4
1679,1712,710,0,4
1684,1712,710,0,4
1685,1712,710,0,4
1686,1712,710,0,4
1687,1712,710,0,4
1688,1712,710,0,4
1689,1712,754,0,4
1690,1712,710,0,4
1692,1712,754,0,4
1693,1712,754,0,4
1694,1819,601,0,4
1695,1712,754,0,4
1696,1712,732,0,4
1696,1821,557,0,4
1697,1712,732,0,4
1697,1822,601,0,4
1698,1823,601,0,4
1699,1824,645,0,4
1700,1712,732,0,4
1700,1825,644,0,4
1701,1826,601,0,4
1702,1827,601,0,4
1703,1828,601,0,4
1704,1829,645,0,4
1705,1830,688,0,4
1706,1831,645,0,4
1707,1832,645,0,4
1708,1833,645,0,4
1710,1585,667,0,4
1712,1644,732,0,4
1712,1646,732,0,4
1712,1647,732,0,4
1712,1648,732,0,4
1712,1649,732,0,4
1712,1650,732,0,4
1712,1651,732,0,4
1712,1652,732,0,4
1712,1653,732,0,4
1712,1654,732,0,4
1712,1655,732,0,4
1712,1656,732,0,4
1712,1657,732,0,4
1712,1658,732,0,4
1712,1659,732,0,4
1712,1660,732,0,4
1712,1661,732,0,4
1712,1662,732,0,4
1712,1663,732,0,4
1712,1664,732,0,4
1712,1665,732,0,4
1712,1666,732,0,4
1712,1667,732,0,4
1712,1668,732,0,4
1712,1669,732,0,4
1712,1670,732,0,4
1712,1672,732,0,4
1712,1673,732,0,4
1712,1674,732,0,4
1712,1675,732,0,4
1712,1676,732,0,4
1712,1677,732,0,4
1712,1679,732,0,4
1712,1684,732,0,4
1712,1685,732,0,4
1712,1686,732,0,4
1712,1687,732,0,4
1712,1688,732,0,4
1712,1689,732,0,4
1712,1690,732,0,4
1712,1692,732,0,4
1712,1693,732,0,4
1712,1695,732,0,4
1712,1696,732,0,4
1712,1697,732,0,4
1712,1700,732,0,4
1720,1595,776,0,4
1749,1624,1368,0,4
1750,1625,1324,0,4
1752,1627,1368,0,4
1753,1628,1368,0,4
1754,1629,1433,0,4
1756,1631,1368,0,4
1757,1632,1368,0,4
1758,1633,1433,0,4
1759,1634,1412,0,4
1761,1636,1412,0,4
1762,1637,1412,0,4
1763,1638,1412,0,4
1764,1639,1456,0,4
1766,1641,1456,0,4
1767,1642,1456,0,4
1768,1643,1456,0,4
1771,1587,1521,0,4
1772,1587,1521,0,4
1780,1788,1216,0,4
1784,1587,1522,0,4
1786,1587,1522,0,4
1787,1587,1522,0,4
1788,1587,1522,0,4
1788,1780,1216,0,4
1789,1587,1501,0,4
1789,1664,48,0,4
1790,1587,1522,0,4
1790,1665,4,0,4
1791,1587,1501,0,4
1792,1587,1501,0,4
1792,1802,4,0,4
1793,1587,1501,0,4
1794,1669,48,0,4
1795,1587,1501,0,4
1795,1670,4,0,4
1796,1671,48,0,4
1797,1672,48,0,4
1798,1587,1545,0,4
1798,1673,48,0,4
1799,1587,1523,0,4
1800,1675,48,0,4
1801,1587,1545,0,4
1802,1587,1545,0,4
1802,1792,4,0,4
1804,1587,1502,0,4
1809,1587,1502,0,4
1810,1587,1502,0,4
1811,1587,1502,0,4
1812,1587,1502,0,4
1813,1587,1502,0,4
1814,1587,1546,0,4
1815,1587,1502,0,4
1817,1587,1546,0,4
1818,1587,1546,0,4
1819,1694,224,0,4
1820,1587,1546,0,4
1821,1587,1524,0,4
1821,1696,245,0,4
1822,1587,1524,0,4
1822,1697,224,0,4
1823,1698,224,0,4
1824,1699,268,0,4
1825,1587,1524,0,4
1825,1700,224,0,4
1826,1701,224,0,4
1827,1702,224,0,4
1828,1703,289,0,4
1829,1704,268,0,4
1830,1705,224,0,4
1831,1706,268,0,4
1832,1707,268,0,4
1833,1708,268,0,4
