225,1616,247,3,0
237,1616,238,2,1
247,1616,1616,4,0
269,1616,247,0,3
423,1631,445,3,0
620,1651,1651,4,0
632,1651,633,2,1
633,1651,634,2,1
1017,1741,1039,3,0
1029,1741,1030,2,1
1039,1741,1741,4,0
1061,1741,1039,0,3
1215,1756,1237,3,0
1412,1776,1776,4,0
1424,1776,1425,2,1
1425,1776,1426,2,1
1585,1616,246,0,4
1585,1710,1459,0,4
1586,1616,246,0,4
1587,1616,246,0,4
1587,1828,224,0,4
1590,1616,225,0,4
1591,1601,312,0,4
1591,1616,225,0,4
1591,1716,1481,0,4
1592,1616,225,0,4
1592,1717,377,0,4
1594,1616,269,0,4
1594,1719,421,0,4
1595,1720,356,0,4
1597,1616,269,0,4
1598,1723,421,0,4
1600,1616,269,0,4
1600,1725,356,0,4
1601,1591,312,0,4
1605,1730,400,0,4
1609,1734,488,0,4
1611,1623,444,0,4
1614,1739,488,0,4
1615,1740,444,0,4
1616,1585,247,0,4
1616,1586,247,0,4
1616,1587,247,0,4
1616,1590,247,0,4
1616,1591,247,0,4
1616,1592,247,0,4
1616,1594,247,0,4
1616,1597,247,0,4
1616,1600,247,0,4
1616,1741,488,0,4
1616,1819,247,0,4
1616,1823,247,0,4
1616,1824,247,0,4
1616,1829,247,0,4
1616,1831,247,0,4
1616,1833,247,0,4
1617,1742,488,0,4
1618,1743,488,0,4
1619,1744,532,0,4
1620,1745,488,0,4
1621,1746,532,0,4
1622,1747,532,0,4
1623,1611,444,0,4
1623,1748,532,0,4
1625,1750,532,0,4
1627,1752,576,0,4
1630,1755,576,0,4
1631,1659,576,0,4
1631,1661,576,0,4
1631,1662,576,0,4
1631,1663,576,0,4
1631,1665,576,0,4
1633,1758,641,0,4
1634,1651,620,0,4
1634,1759,620,0,4
1636,1761,620,0,4
1637,1762,620,0,4
1638,1651,620,0,4
1638,1763,620,0,4
1639,1764,664,0,4
1640,1765,620,0,4
1641,1766,664,0,4
1642,1767,664,0,4
1643,1768,664,0,4
1644,1769,708,0,4
1645,1770,664,0,4
1650,1775,664,0,4
1651,1634,620,0,4
1651,1636,620,0,4
1651,1637,620,0,4
1651,1638,620,0,4
1654,1779,752,0,4
1655,1780,708,0,4
1656,1781,752,0,4
1657,1782,752,0,4
1658,1783,752,0,4
1659,1631,555,0,4
1660,1785,752,0,4
1661,1631,555,0,4
1662,1631,555,0,4
1663,1631,555,0,4
1664,1789,861,0,4
1665,1631,555,0,4
1668,1793,861,0,4
1669,1794,840,0,4
1671,1796,840,0,4
1672,1797,840,0,4
1673,1798,840,0,4
1674,1799,884,0,4
1675,1800,840,0,4
1676,1801,884,0,4
1677,1802,884,0,4
1678,1803,884,0,4
1679,1804,928,0,4
1680,1805,884,0,4
1681,1806,949,0,4
1682,1807,949,0,4
1683,1808,928,0,4
1684,1809,993,0,4
1685,1810,928,0,4
1686,1811,928,0,4
1687,1812,928,0,4
1688,1813,993,0,4
1690,1815,928,0,4
1694,1741,1016,0,4
1694,1819,1016,0,4
1695,1820,579,0,4
1696,1821,1037,0,4
1697,1822,1016,0,4
1698,1741,1016,0,4
1698,1823,1016,0,4
1699,1741,1060,0,4
1699,1824,1060,0,4
1701,1826,1016,0,4
1702,1827,1016,0,4
1703,1712,1016,0,4
1704,1741,1038,0,4
1704,1829,1060,0,4
1705,1830,1016,0,4
1706,1741,1060,0,4
1706,1831,1060,0,4
1707,1832,1060,0,4
1708,1741,1060,0,4
1708,1833,1060,0,4
1710,1585,1060,0,4
1710,1741,1038,0,4
1711,1741,1038,0,4
1712,1703,1016,0,4
1712,1741,1038,0,4
1715,1741,1017,0,4
1716,1591,1169,0,4
1716,1726,1104,0,4
1716,1741,1017,0,4
1717,1592,776,0,4
1717,1741,1017,0,4
1719,1594,820,0,4
1719,1741,1061,0,4
1720,1595,776,0,4
1722,1741,1061,0,4
1723,1598,733,0,4
1725,1600,820,0,4
1725,1741,1061,0,4
1726,1716,1104,0,4
1730,1605,799,0,4
1734,1609,865,0,4
1736,1748,1236,0,4
1739,1614,865,0,4
1740,1615,908,0,4
1741,1616,865,0,4
1741,1694,1039,0,4
1741,1698,1039,0,4
1741,1699,1039,0,4
1741,1704,1039,0,4
1741,1706,1039,0,4
1741,1708,1039,0,4
1741,1710,1039,0,4
1741,1711,1039,0,4
1741,1712,1039,0,4
1741,1715,1039,0,4
1741,1716,1039,0,4
1741,1717,1039,0,4
1741,1719,1039,0,4
1741,1722,1039,0,4
1741,1725,1039,0,4
1742,1617,865,0,4
1743,1618,865,0,4
1744,1619,909,0,4
1745,1620,887,0,4
1746,1621,909,0,4
1747,1622,909,0,4
1748,1623,909,0,4
1748,1736,1236,0,4
1750,1625,931,0,4
1752,1627,996,0,4
1755,1630,996,0,4
1756,1784,1368,0,4
1756,1786,1368,0,4
1756,1787,1368,0,4
1756,1788,1368,0,4
1756,1790,1368,0,4
1758,1633,953,0,4
1759,1634,997,0,4
1759,1776,1412,0,4
1761,1636,997,0,4
1762,1637,997,0,4
1763,1638,997,0,4
1763,1776,1412,0,4
1764,1639,1041,0,4
1765,1640,1019,0,4
1766,1641,1041,0,4
1767,1642,1041,0,4
1768,1643,1041,0,4
1769,1644,1085,0,4
1770,1645,1084,0,4
1775,1650,1128,0,4
1776,1759,1412,0,4
1776,1761,1412,0,4
1776,1762,1412,0,4
1776,1763,1412,0,4
1779,1654,1129,0,4
1780,1655,1107,0,4
1781,1656,1129,0,4
1782,1657,1129,0,4
1783,1658,1129,0,4
1784,1756,1347,0,4
1785,1660,1151,0,4
1786,1756,1347,0,4
1787,1756,1347,0,4
1788,1756,1347,0,4
1789,1664,1260,0,4
1790,1756,1347,0,4
1793,1668,1173,0,4
1794,1669,1217,0,4
1796,1671,1217,0,4
1797,1672,1217,0,4
1798,1673,1217,0,4
1799,1674,1261,0,4
1800,1675,1239,0,4
1801,1676,1261,0,4
1802,1677,1261,0,4
1803,1678,1261,0,4
1804,1679,1305,0,4
1805,1680,1304,0,4
1806,1681,1261,0,4
1807,1682,1348,0,4
1808,1683,1305,0,4
1809,1684,1305,0,4
1810,1685,1348,0,4
1811,1686,1305,0,4
1812,1687,1305,0,4
1813,1688,1305,0,4
1815,1690,1392,0,4
1819,1616,224,0,4
1819,1694,1393,0,4
1820,1695,180,0,4
1821,1696,1349,0,4
1822,1697,1393,0,4
1823,1616,224,0,4
1823,1698,1393,0,4
1824,1616,268,0,4
1824,1699,1437,0,4
1826,1701,1393,0,4
1827,1702,1393,0,4
1828,1587,224,0,4
1829,1616,246,0,4
1829,1704,1437,0,4
1830,1705,1480,0,4
1831,1616,268,0,4
1831,1706,1437,0,4
1832,1707,1437,0,4
1833,1616,268,0,4
1833,1708,1437,0,4
