48,1821,70,3,0
60,1821,82,3,0
61,1821,83,3,0
70,1821,1821,4,0
82,1821,83,2,1
83,1821,84,2,1
92,1821,70,0,3
104,1821,82,0,3
105,1821,83,0,3
600,1700,622,3,0
840,1696,862,3,0
852,1696,874,3,0
853,1696,875,3,0
862,1696,1696,4,0
874,1696,875,2,1
875,1696,876,2,1
884,1696,862,0,3
896,1696,874,0,3
897,1696,875,0,3
1392,1825,1414,3,0
1584,1709,1481,0,4
1586,1711,1481,0,4
1587,1712,1481,0,4
1588,1713,1481,0,4
1588,1812,1503,0,4
1589,1714,1525,0,4
1590,1715,1503,0,4
1592,1717,1525,0,4
1593,1597,312,0,4
1593,1718,1525,0,4
1596,1721,1525,0,4
1597,1593,312,0,4
1597,1607,356,0,4
1597,1722,1525,0,4
1600,1725,28,0,4
1604,1729,29,0,4
1605,1730,7,0,4
1606,1731,29,0,4
1607,1597,356,0,4
1607,1732,29,0,4
1607,1811,72,0,4
1608,1733,29,0,4
1609,1619,204,0,4
1609,1734,73,0,4
1610,1735,29,0,4
1611,1736,29,0,4
1612,1737,116,0,4
1613,1738,29,0,4
1614,1739,73,0,4
1615,1740,116,0,4
1616,1741,73,0,4
1617,1742,73,0,4
1618,1743,73,0,4
1619,1609,204,0,4
1619,1744,117,0,4
1620,1745,160,0,4
1621,1746,117,0,4
1622,1747,117,0,4
1623,1748,117,0,4
1624,1749,161,0,4
1625,1750,139,0,4
1626,1751,117,0,4
1627,1752,161,0,4
1628,1753,161,0,4
1629,1754,205,0,4
1630,1755,204,0,4
1631,1756,161,0,4
1632,1757,161,0,4
1633,1758,161,0,4
1634,1759,205,0,4
1635,1760,248,0,4
1636,1761,205,0,4
1637,1762,205,0,4
1638,1763,205,0,4
1639,1764,249,0,4
1640,1765,227,0,4
1641,1766,249,0,4
1642,1767,249,0,4
1643,1768,249,0,4
1645,1770,271,0,4
1664,1696,840,0,4
1664,1789,840,0,4
1669,1696,840,0,4
1669,1794,840,0,4
1671,1696,840,0,4
1671,1796,840,0,4
1672,1797,840,0,4
1673,1696,840,0,4
1673,1798,840,0,4
1674,1696,884,0,4
1674,1799,884,0,4
1676,1801,884,0,4
1677,1802,884,0,4
1678,1696,884,0,4
1678,1803,884,0,4
1679,1804,928,0,4
1680,1805,884,0,4
1681,1696,862,0,4
1681,1806,949,0,4
1682,1807,928,0,4
1683,1808,928,0,4
1686,1732,862,0,4
1686,1811,928,0,4
1687,1713,710,0,4
1687,1812,928,0,4
1690,1815,928,0,4
1694,1819,1016,0,4
1695,1820,972,0,4
1696,1664,862,0,4
1696,1669,862,0,4
1696,1671,862,0,4
1696,1673,862,0,4
1696,1674,862,0,4
1696,1676,862,0,4
1696,1678,862,0,4
1696,1681,862,0,4
1696,1821,1016,0,4
1697,1822,1016,0,4
1698,1823,1016,0,4
1699,1824,1060,0,4
1700,1825,1016,0,4
1701,1826,1016,0,4
1702,1827,1016,0,4
1703,1828,1060,0,4
1704,1829,1060,0,4
1706,1831,1060,0,4
1707,1832,1060,0,4
1708,1833,1060,0,4
1709,1584,1104,0,4
1711,1586,1104,0,4
1712,1587,1104,0,4
1713,1588,1104,0,4
1713,1687,711,0,4
1714,1589,1148,0,4
1715,1590,1104,0,4
1717,1592,1148,0,4
1718,1593,1148,0,4
1718,1722,1104,0,4
1721,1596,1148,0,4
1722,1597,1148,0,4
1722,1718,1104,0,4
1722,1732,1148,0,4
1725,1600,1148,0,4
1729,1604,1236,0,4
1730,1605,1192,0,4
1731,1606,1236,0,4
1732,1607,1236,0,4
1732,1686,864,0,4
1732,1722,1148,0,4
1733,1608,1236,0,4
1734,1609,1280,0,4
1734,1744,996,0,4
1735,1610,1236,0,4
1736,1611,1236,0,4
1737,1612,1301,0,4
1738,1613,1280,0,4
1739,1614,1280,0,4
1740,1615,1236,0,4
1741,1616,1280,0,4
1742,1617,1280,0,4
1743,1618,1345,0,4
1744,1619,1324,0,4
1744,1734,996,0,4
1745,1620,1280,0,4
1746,1621,1324,0,4
1747,1622,1324,0,4
1748,1623,1324,0,4
1749,1624,1368,0,4
1750,1625,1324,0,4
1751,1626,1389,0,4
1752,1627,1368,0,4
1753,1628,1368,0,4
1754,1629,1412,0,4
1755,1630,1368,0,4
1756,1631,1368,0,4
1757,1632,1368,0,4
1758,1633,1433,0,4
1759,1634,1412,0,4
1760,1635,1368,0,4
1761,1636,1412,0,4
1762,1637,1412,0,4
1763,1638,1412,0,4
1764,1639,1456,0,4
1765,1640,1412,0,4
1766,1641,1456,0,4
1767,1642,1456,0,4
1768,1643,1456,0,4
1770,1645,1456,0,4
1789,1664,1217,0,4
1789,1821,48,0,4
1794,1669,1217,0,4
1794,1821,48,0,4
1796,1671,1217,0,4
1796,1821,48,0,4
1797,1672,1217,0,4
1798,1673,1217,0,4
1798,1821,48,0,4
1799,1674,1261,0,4
1799,1821,92,0,4
1801,1676,1261,0,4
1802,1677,1261,0,4
1803,1678,1261,0,4
1803,1821,92,0,4
1804,1679,1305,0,4
1805,1680,1283,0,4
1806,1681,1261,0,4
1806,1821,70,0,4
1807,1682,1305,0,4
1808,1683,1305,0,4
1811,1607,70,0,4
1811,1686,1305,0,4
1812,1588,1502,0,4
1812,1687,1305,0,4
1815,1690,1392,0,4
1819,1694,1393,0,4
1820,1695,1371,0,4
1821,1696,1349,0,4
1821,1789,70,0,4
1821,1794,70,0,4
1821,1796,70,0,4
1821,1798,70,0,4
1821,1799,70,0,4
1821,1801,70,0,4
1821,1803,70,0,4
1821,1806,70,0,4
1822,1697,1393,0,4
1823,1698,1393,0,4
1824,1699,1437,0,4
1825,1700,1436,0,4
1826,1701,1393,0,4
1827,1702,1393,0,4
1828,1703,1393,0,4
1829,1704,1437,0,4
1831,1706,1437,0,4
1832,1707,1437,0,4
1833,1708,1437,0,4
