27,1607,49,3,0
291,1628,313,3,0
819,1732,841,3,0
1083,1753,1105,3,0
1584,1709,312,0,4
1585,1710,268,0,4
1586,1711,312,0,4
1587,1712,312,0,4
1588,1713,312,0,4
1589,1714,356,0,4
1590,1715,312,0,4
1591,1716,377,0,4
1592,1717,377,0,4
1593,1718,356,0,4
1594,1719,421,0,4
1595,1720,356,0,4
1596,1721,356,0,4
1597,1722,356,0,4
1598,1723,421,0,4
1599,1724,400,0,4
1600,1725,356,0,4
1601,1726,400,0,4
1602,1727,400,0,4
1603,1728,400,0,4
1604,1729,444,0,4
1605,1730,400,0,4
1606,1731,465,0,4
1607,1729,72,0,4
1607,1732,444,0,4
1607,1734,72,0,4
1607,1735,72,0,4
1607,1736,72,0,4
1607,1737,72,0,4
1607,1738,72,0,4
1607,1739,72,0,4
1607,1740,72,0,4
1607,1741,72,0,4
1607,1742,72,0,4
1607,1743,72,0,4
1607,1744,72,0,4
1607,1745,72,0,4
1607,1746,72,0,4
1607,1747,72,0,4
1607,1748,72,0,4
1607,1749,72,0,4
1607,1750,72,0,4
1607,1751,72,0,4
1607,1752,72,0,4
1607,1753,72,0,4
1607,1754,72,0,4
1607,1755,72,0,4
1607,1756,72,0,4
1607,1757,72,0,4
1607,1758,72,0,4
1607,1759,72,0,4
1607,1760,72,0,4
1607,1761,72,0,4
1607,1762,72,0,4
1607,1763,72,0,4
1607,1764,72,0,4
1607,1765,72,0,4
1607,1766,72,0,4
1607,1767,72,0,4
1607,1768,72,0,4
1607,1769,72,0,4
1607,1770,72,0,4
1607,1771,72,0,4
1607,1772,72,0,4
1607,1773,72,0,4
1607,1774,72,0,4
1607,1775,72,0,4
1607,1776,72,0,4
1607,1777,72,0,4
1607,1778,72,0,4
1607,1779,72,0,4
1607,1780,72,0,4
1607,1781,72,0,4
1607,1782,72,0,4
1607,1783,72,0,4
1607,1784,72,0,4
1607,1785,72,0,4
1607,1786,72,0,4
1607,1787,72,0,4
1607,1788,72,0,4
1607,1790,72,0,4
1607,1791,72,0,4
1607,1792,72,0,4
1607,1795,72,0,4
1608,1733,444,0,4
1609,1642,357,0,4
1609,1734,488,0,4
1610,1735,444,0,4
1611,1736,444,0,4
1612,1737,509,0,4
1613,1738,509,0,4
1614,1739,488,0,4
1615,1621,444,0,4
1615,1740,444,0,4
1616,1741,488,0,4
1617,1742,488,0,4
1618,1743,488,0,4
1619,1744,532,0,4
1620,1745,488,0,4
1621,1615,444,0,4
1621,1746,532,0,4
1622,1747,532,0,4
1623,1748,532,0,4
1624,1749,576,0,4
1625,1750,532,0,4
1626,1751,597,0,4
1627,1752,597,0,4
1628,1753,576,0,4
1630,1755,576,0,4
1631,1756,576,0,4
1632,1757,576,0,4
1633,1758,641,0,4
1634,1759,620,0,4
1636,1761,620,0,4
1637,1762,620,0,4
1638,1763,620,0,4
1642,1609,358,0,4
1645,1671,533,0,4
1671,1645,534,0,4
1676,1683,840,0,4
1682,1807,556,0,4
1683,1676,840,0,4
1690,1815,600,0,4
1694,1819,601,0,4
1696,1821,557,0,4
1697,1822,644,0,4
1698,1823,601,0,4
1699,1824,688,0,4
1700,1825,644,0,4
1701,1826,601,0,4
1702,1827,601,0,4
1703,1828,601,0,4
1704,1829,645,0,4
1705,1830,688,0,4
1706,1831,645,0,4
1707,1832,645,0,4
1708,1833,645,0,4
1709,1584,689,0,4
1710,1585,667,0,4
1711,1586,689,0,4
1712,1587,689,0,4
1713,1588,689,0,4
1714,1589,733,0,4
1715,1590,732,0,4
1716,1591,689,0,4
1717,1592,776,0,4
1718,1593,733,0,4
1719,1594,820,0,4
1720,1595,776,0,4
1721,1596,733,0,4
1722,1597,733,0,4
1723,1598,733,0,4
1724,1599,777,0,4
1725,1600,820,0,4
1726,1601,777,0,4
1727,1602,777,0,4
1728,1603,777,0,4
1729,1604,821,0,4
1730,1605,799,0,4
1731,1606,777,0,4
1732,1604,864,0,4
1732,1607,864,0,4
1732,1609,864,0,4
1732,1610,864,0,4
1732,1611,864,0,4
1732,1612,864,0,4
1732,1613,864,0,4
1732,1614,864,0,4
1732,1615,864,0,4
1732,1616,864,0,4
1732,1617,864,0,4
1732,1618,864,0,4
1732,1619,864,0,4
1732,1620,864,0,4
1732,1621,864,0,4
1732,1622,864,0,4
1732,1623,864,0,4
1732,1624,864,0,4
1732,1625,864,0,4
1732,1626,864,0,4
1732,1627,864,0,4
1732,1628,864,0,4
1732,1629,864,0,4
1732,1630,864,0,4
1732,1631,864,0,4
1732,1632,864,0,4
1732,1633,864,0,4
1732,1634,864,0,4
1732,1635,864,0,4
1732,1636,864,0,4
1732,1637,864,0,4
1732,1638,864,0,4
1732,1639,864,0,4
1732,1640,864,0,4
1732,1641,864,0,4
1732,1642,864,0,4
1732,1643,864,0,4
1732,1644,864,0,4
1732,1645,864,0,4
1732,1646,864,0,4
1732,1647,864,0,4
1732,1648,864,0,4
1732,1649,864,0,4
1732,1650,864,0,4
1732,1651,864,0,4
1732,1652,864,0,4
1732,1653,864,0,4
1732,1654,864,0,4
1732,1655,864,0,4
1732,1656,864,0,4
1732,1657,864,0,4
1732,1658,864,0,4
1732,1659,864,0,4
1732,1660,864,0,4
1732,1661,864,0,4
1732,1662,864,0,4
1732,1663,864,0,4
1732,1665,864,0,4
1732,1666,864,0,4
1732,1667,864,0,4
1732,1670,864,0,4
1733,1608,821,0,4
1734,1609,908,0,4
1734,1767,1149,0,4
1735,1610,864,0,4
1736,1611,821,0,4
1737,1612,843,0,4
1738,1613,821,0,4
1739,1614,865,0,4
1740,1615,908,0,4
1740,1746,1236,0,4
1741,1616,865,0,4
1742,1617,865,0,4
1743,1618,865,0,4
1744,1619,909,0,4
1745,1620,887,0,4
1746,1621,909,0,4
1746,1740,1236,0,4
1747,1622,909,0,4
1748,1623,909,0,4
1749,1624,953,0,4
1750,1625,931,0,4
1751,1626,909,0,4
1752,1627,996,0,4
1753,1628,953,0,4
1755,1630,996,0,4
1756,1631,953,0,4
1757,1632,953,0,4
1758,1633,953,0,4
1759,1634,997,0,4
1761,1636,997,0,4
1762,1637,997,0,4
1763,1638,997,0,4
1767,1734,1150,0,4
1770,1796,1325,0,4
1796,1770,1326,0,4
1801,1808,48,0,4
1807,1682,157,0,4
1808,1801,48,0,4
1815,1690,136,0,4
1819,1694,224,0,4
1821,1696,245,0,4
1822,1697,224,0,4
1823,1698,224,0,4
1824,1699,289,0,4
1825,1700,224,0,4
1826,1701,224,0,4
1827,1702,224,0,4
1828,1703,289,0,4
1829,1704,268,0,4
1830,1705,224,0,4
1831,1706,268,0,4
1832,1707,268,0,4
1833,1708,268,0,4
