335,1610,313,0,3
357,1610,335,0,3
379,1610,378,1,2
389,1610,390,2,1
445,1634,1634,4,0
774,1666,796,3,0
775,1666,797,3,0
1127,1735,1105,0,3
1149,1735,1127,0,3
1171,1735,1170,1,2
1181,1735,1182,2,1
1237,1759,1759,4,0
1566,1791,4,3,3
1567,1791,5,3,3
1584,1791,1503,0,4
1587,1791,6,0,4
1588,1791,1503,0,4
1600,1725,356,0,4
1604,1634,444,0,4
1604,1729,444,0,4
1605,1730,400,0,4
1606,1634,444,0,4
1607,1634,444,0,4
1607,1732,444,0,4
1608,1634,444,0,4
1608,1733,444,0,4
1609,1734,488,0,4
1610,1619,226,0,4
1610,1623,226,0,4
1610,1630,226,0,4
1610,1636,226,0,4
1610,1637,291,0,4
1610,1639,313,0,4
1610,1640,378,0,4
1610,1643,313,0,4
1610,1644,313,0,4
1610,1645,444,0,4
1610,1646,313,0,4
1610,1647,313,0,4
1610,1648,313,0,4
1610,1649,378,0,4
1610,1650,313,0,4
1610,1651,378,0,4
1610,1652,378,0,4
1610,1653,378,0,4
1610,1654,444,0,4
1610,1655,378,0,4
1610,1656,378,0,4
1610,1657,444,0,4
1610,1658,444,0,4
1610,1735,444,0,4
1611,1634,444,0,4
1611,1736,444,0,4
1612,1737,509,0,4
1613,1738,488,0,4
1614,1739,488,0,4
1615,1740,444,0,4
1616,1741,488,0,4
1617,1742,488,0,4
1618,1743,488,0,4
1619,1610,204,0,4
1619,1744,532,0,4
1620,1745,488,0,4
1621,1746,532,0,4
1622,1747,532,0,4
1623,1610,204,0,4
1623,1748,532,0,4
1624,1749,576,0,4
1625,1634,445,0,4
1625,1750,532,0,4
1626,1751,597,0,4
1627,1752,576,0,4
1628,1753,576,0,4
1629,1754,620,0,4
1630,1610,204,0,4
1630,1755,576,0,4
1631,1756,576,0,4
1632,1757,576,0,4
1633,1758,641,0,4
1634,1604,445,0,4
1634,1606,445,0,4
1634,1607,445,0,4
1634,1608,445,0,4
1634,1611,445,0,4
1634,1625,445,0,4
1634,1759,620,0,4
1635,1663,423,0,4
1635,1760,576,0,4
1636,1610,227,0,4
1636,1761,620,0,4
1637,1610,292,0,4
1637,1762,620,0,4
1638,1763,620,0,4
1639,1764,664,0,4
1641,1766,664,0,4
1642,1767,664,0,4
1643,1768,664,0,4
1645,1610,423,0,4
1645,1770,664,0,4
1646,1771,729,0,4
1654,1610,424,0,4
1657,1610,446,0,4
1657,1660,424,0,4
1658,1610,424,0,4
1659,1784,381,0,4
1660,1657,424,0,4
1662,1787,381,0,4
1663,1635,424,0,4
1663,1788,381,0,4
1664,1789,425,0,4
1665,1790,424,0,4
1666,1680,491,0,4
1666,1682,796,0,4
1666,1685,796,0,4
1666,1694,709,0,4
1666,1700,709,0,4
1666,1709,709,0,4
1666,1712,796,0,4
1666,1713,709,0,4
1666,1714,796,0,4
1666,1716,796,0,4
1666,1717,796,0,4
1666,1718,796,0,4
1666,1720,796,0,4
1666,1731,796,0,4
1668,1793,381,0,4
1669,1794,425,0,4
1671,1796,425,0,4
1672,1797,425,0,4
1673,1798,425,0,4
1674,1799,469,0,4
1675,1800,447,0,4
1676,1801,469,0,4
1677,1802,469,0,4
1678,1803,469,0,4
1680,1666,491,0,4
1680,1805,491,0,4
1694,1666,710,0,4
1696,1821,557,0,4
1700,1666,710,0,4
1709,1666,711,0,4
1712,1666,798,0,4
1713,1666,711,0,4
1725,1600,820,0,4
1729,1604,821,0,4
1729,1759,1236,0,4
1730,1605,799,0,4
1731,1759,1236,0,4
1732,1607,821,0,4
1732,1759,1236,0,4
1733,1608,821,0,4
1733,1759,1236,0,4
1734,1609,865,0,4
1735,1610,864,0,4
1735,1744,1018,0,4
1735,1748,1018,0,4
1735,1755,1018,0,4
1735,1761,1018,0,4
1735,1762,1083,0,4
1735,1764,1105,0,4
1735,1765,1170,0,4
1735,1768,1105,0,4
1735,1769,1105,0,4
1735,1770,1236,0,4
1735,1771,1105,0,4
1735,1772,1105,0,4
1735,1773,1105,0,4
1735,1774,1170,0,4
1735,1775,1105,0,4
1735,1776,1170,0,4
1735,1777,1170,0,4
1735,1778,1170,0,4
1735,1779,1236,0,4
1735,1780,1170,0,4
1735,1781,1170,0,4
1735,1782,1236,0,4
1735,1783,1236,0,4
1736,1611,821,0,4
1736,1759,1236,0,4
1737,1612,908,0,4
1738,1613,821,0,4
1739,1614,865,0,4
1740,1615,908,0,4
1741,1616,865,0,4
1742,1617,865,0,4
1743,1618,865,0,4
1744,1619,909,0,4
1744,1735,996,0,4
1745,1620,887,0,4
1746,1621,909,0,4
1747,1622,909,0,4
1748,1623,909,0,4
1748,1735,996,0,4
1749,1624,953,0,4
1750,1625,931,0,4
1750,1759,1237,0,4
1751,1626,909,0,4
1752,1627,953,0,4
1753,1628,953,0,4
1754,1629,997,0,4
1755,1630,996,0,4
1755,1735,996,0,4
1756,1631,953,0,4
1757,1632,953,0,4
1758,1633,953,0,4
1759,1634,997,0,4
1759,1729,1237,0,4
1759,1731,1237,0,4
1759,1732,1237,0,4
1759,1733,1237,0,4
1759,1736,1237,0,4
1759,1750,1237,0,4
1760,1635,1040,0,4
1760,1788,1215,0,4
1761,1636,997,0,4
1761,1735,1019,0,4
1762,1637,997,0,4
1762,1735,1084,0,4
1763,1638,997,0,4
1764,1639,1041,0,4
1766,1641,1041,0,4
1767,1642,1041,0,4
1768,1643,1041,0,4
1770,1645,1063,0,4
1770,1735,1215,0,4
1771,1646,1041,0,4
1779,1735,1216,0,4
1782,1735,1238,0,4
1782,1785,1216,0,4
1783,1735,1216,0,4
1784,1659,4,0,4
1785,1782,1216,0,4
1787,1662,4,0,4
1788,1663,4,0,4
1788,1760,1216,0,4
1789,1664,48,0,4
1790,1665,4,0,4
1791,1584,1501,0,4
1791,1587,4,0,4
1791,1588,1501,0,4
1791,1589,4,0,4
1791,1591,4,0,4
1791,1592,4,0,4
1791,1593,4,0,4
1791,1595,4,0,4
1791,1606,4,0,4
1791,1805,1283,0,4
1791,1807,4,0,4
1791,1810,4,0,4
1791,1819,1501,0,4
1791,1825,1501,0,4
1793,1668,69,0,4
1794,1669,48,0,4
1796,1671,48,0,4
1797,1672,48,0,4
1798,1673,48,0,4
1799,1674,92,0,4
1800,1675,48,0,4
1801,1676,92,0,4
1802,1677,92,0,4
1803,1678,92,0,4
1805,1680,92,0,4
1805,1791,1283,0,4
1819,1791,1502,0,4
1821,1696,245,0,4
1825,1791,1502,0,4
