4,1804,1566,3,3
16,1804,1578,3,3
17,1804,1579,3,3
70,1801,48,0,3
71,1589,93,3,0
71,1801,49,0,3
92,1801,70,0,3
93,1801,71,0,3
114,1801,113,1,2
115,1801,114,1,2
124,1801,125,2,1
146,1801,147,2,1
168,1801,169,2,1
190,1801,191,2,1
212,1801,213,2,1
223,1829,245,3,0
234,1801,235,2,1
236,1829,258,3,0
237,1829,259,3,0
238,1829,260,3,0
245,1829,1829,4,0
256,1801,257,2,1
258,1829,259,2,1
259,1829,260,2,1
260,1829,261,2,1
267,1829,245,0,3
269,1615,1615,4,0
278,1801,279,2,1
280,1829,258,0,3
281,1829,259,0,3
282,1829,260,0,3
300,1801,301,2,1
303,1612,325,3,0
322,1801,323,2,1
344,1801,345,2,1
366,1801,367,2,1
388,1801,389,2,1
410,1801,411,2,1
425,1654,403,0,3
432,1801,433,2,1
433,1654,411,0,3
434,1654,412,0,3
447,1654,425,0,3
454,1801,455,2,1
455,1654,433,0,3
456,1654,434,0,3
469,1654,468,1,2
476,1801,477,2,1
477,1654,476,1,2
478,1654,477,1,2
498,1801,499,2,1
520,1801,521,2,1
542,1801,543,2,1
544,1664,543,1,2
564,1801,565,2,1
586,1801,587,2,1
608,1801,609,2,1
623,1801,645,3,0
687,1801,709,3,0
752,1679,774,3,0
764,1679,786,3,0
765,1679,787,3,0
774,1679,1679,4,0
786,1679,787,2,1
787,1679,788,2,1
796,1679,774,0,3
808,1679,786,0,3
809,1679,787,0,3
862,1676,840,0,3
863,1676,841,0,3
863,1714,885,3,0
884,1676,862,0,3
885,1676,863,0,3
906,1676,905,1,2
907,1676,906,1,2
916,1676,917,2,1
938,1676,939,2,1
960,1676,961,2,1
982,1676,983,2,1
1004,1676,1005,2,1
1015,1704,1037,3,0
1026,1676,1027,2,1
1028,1704,1050,3,0
1029,1704,1051,3,0
1030,1704,1052,3,0
1037,1704,1704,4,0
1048,1676,1049,2,1
1050,1704,1051,2,1
1051,1704,1052,2,1
1052,1704,1053,2,1
1059,1704,1037,0,3
1061,1740,1740,4,0
1070,1676,1071,2,1
1072,1704,1050,0,3
1073,1704,1051,0,3
1074,1704,1052,0,3
1092,1676,1093,2,1
1095,1737,1117,3,0
1114,1676,1115,2,1
1136,1676,1137,2,1
1158,1676,1159,2,1
1180,1676,1181,2,1
1202,1676,1203,2,1
1217,1779,1195,0,3
1224,1676,1225,2,1
1225,1779,1203,0,3
1226,1779,1204,0,3
1239,1779,1217,0,3
1246,1676,1247,2,1
1247,1779,1225,0,3
1248,1779,1226,0,3
1261,1779,1260,1,2
1268,1676,1269,2,1
1269,1779,1268,1,2
1270,1779,1269,1,2
1290,1676,1291,2,1
1312,1676,1313,2,1
1334,1676,1335,2,1
1336,1789,1335,1,2
1356,1676,1357,2,1
1378,1676,1379,2,1
1400,1676,1401,2,1
1415,1676,1437,3,0
1479,1676,1501,3,0
1544,1804,1566,3,0
1556,1804,1578,3,0
1557,1804,1579,3,0
1566,1804,1804,4,0
1578,1804,1579,2,1
1579,1804,1580,2,1
1584,1801,1568,0,4
1585,1710,268,0,4
1587,1833,1503,0,4
1588,1801,1568,0,4
1589,1621,225,0,4
1590,1801,1524,0,4
1595,1801,1568,0,4
1597,1615,269,0,4
1599,1724,400,0,4
1601,1726,400,0,4
1602,1727,400,0,4
1602,1801,72,0,4
1603,1728,400,0,4
1605,1801,72,0,4
1606,1731,465,0,4
1607,1732,444,0,4
1609,1734,488,0,4
1610,1735,444,0,4
1611,1801,51,0,4
1612,1801,51,0,4
1614,1739,488,0,4
1614,1801,73,0,4
1615,1597,269,0,4
1615,1643,291,0,4
1615,1740,444,0,4
1615,1831,269,0,4
1615,1832,269,0,4
1615,1833,269,0,4
1616,1741,488,0,4
1616,1801,73,0,4
1617,1742,488,0,4
1617,1801,73,0,4
1618,1743,488,0,4
1618,1801,73,0,4
1619,1744,532,0,4
1620,1745,488,0,4
1621,1589,226,0,4
1621,1746,532,0,4
1622,1747,532,0,4
1623,1748,532,0,4
1625,1750,532,0,4
1627,1752,597,0,4
1629,1754,641,0,4
1630,1755,576,0,4
1633,1758,641,0,4
1634,1759,620,0,4
1635,1760,576,0,4
1636,1761,620,0,4
1637,1762,620,0,4
1638,1763,620,0,4
1639,1764,664,0,4
1640,1765,620,0,4
1641,1766,685,0,4
1642,1648,620,0,4
1642,1767,664,0,4
1643,1615,292,0,4
1643,1768,664,0,4
1644,1769,708,0,4
1645,1770,664,0,4
1646,1771,664,0,4
1647,1772,729,0,4
1648,1642,620,0,4
1648,1773,729,0,4
1649,1774,708,0,4
1650,1775,664,0,4
1651,1776,708,0,4
1652,1777,708,0,4
1653,1778,708,0,4
1654,1669,752,0,4
1654,1673,752,0,4
1654,1679,752,0,4
1654,1779,752,0,4
1655,1780,708,0,4
1656,1679,752,0,4
1656,1781,752,0,4
1657,1782,752,0,4
1658,1679,752,0,4
1658,1783,752,0,4
1659,1784,796,0,4
1660,1785,752,0,4
1661,1679,752,0,4
1661,1786,817,0,4
1662,1679,752,0,4
1662,1787,817,0,4
1663,1788,796,0,4
1664,1789,861,0,4
1665,1790,796,0,4
1666,1679,796,0,4
1666,1791,796,0,4
1667,1679,774,0,4
1667,1792,796,0,4
1668,1679,774,0,4
1668,1793,861,0,4
1669,1654,730,0,4
1669,1794,840,0,4
1670,1795,796,0,4
1671,1796,840,0,4
1672,1797,840,0,4
1673,1654,730,0,4
1673,1798,840,0,4
1675,1800,840,0,4
1676,1684,600,0,4
1676,1688,535,0,4
1676,1689,753,0,4
1676,1691,600,0,4
1676,1692,600,0,4
1676,1693,840,0,4
1676,1694,622,0,4
1676,1695,753,0,4
1676,1696,840,0,4
1676,1697,840,0,4
1676,1698,622,0,4
1676,1699,818,0,4
1676,1700,840,0,4
1676,1701,840,0,4
1676,1702,840,0,4
1676,1703,687,0,4
1676,1704,753,0,4
1676,1705,818,0,4
1676,1708,753,0,4
1676,1709,753,0,4
1676,1713,753,0,4
1676,1715,753,0,4
1676,1720,753,0,4
1676,1724,840,0,4
1676,1727,840,0,4
1676,1728,840,0,4
1676,1729,840,0,4
1676,1730,840,0,4
1676,1731,840,0,4
1676,1732,840,0,4
1676,1733,840,0,4
1676,1734,905,0,4
1676,1735,840,0,4
1676,1736,840,0,4
1676,1737,840,0,4
1676,1738,905,0,4
1676,1739,840,0,4
1676,1740,905,0,4
1676,1741,840,0,4
1676,1742,840,0,4
1676,1743,840,0,4
1676,1744,905,0,4
1676,1745,840,0,4
1676,1746,905,0,4
1676,1747,905,0,4
1676,1748,905,0,4
1676,1749,905,0,4
1676,1750,905,0,4
1676,1751,905,0,4
1676,1752,905,0,4
1676,1753,905,0,4
1676,1754,905,0,4
1676,1755,905,0,4
1676,1756,905,0,4
1676,1757,905,0,4
1676,1758,905,0,4
1676,1759,905,0,4
1676,1760,905,0,4
1676,1761,905,0,4
1676,1762,905,0,4
1676,1763,905,0,4
1676,1764,905,0,4
1676,1765,905,0,4
1676,1766,905,0,4
1676,1767,905,0,4
1676,1768,905,0,4
1676,1769,905,0,4
1676,1770,905,0,4
1676,1771,905,0,4
1676,1772,905,0,4
1676,1773,905,0,4
1676,1774,905,0,4
1676,1775,905,0,4
1676,1776,905,0,4
1676,1777,905,0,4
1676,1778,905,0,4
1676,1779,905,0,4
1676,1780,905,0,4
1676,1781,905,0,4
1676,1782,905,0,4
1676,1783,905,0,4
1676,1784,905,0,4
1676,1785,905,0,4
1676,1786,905,0,4
1676,1787,905,0,4
1676,1788,905,0,4
1676,1789,905,0,4
1676,1790,905,0,4
1676,1791,905,0,4
1676,1792,905,0,4
1676,1793,905,0,4
1676,1794,905,0,4
1676,1795,905,0,4
1676,1796,905,0,4
1676,1797,905,0,4
1676,1798,905,0,4
1676,1800,905,0,4
1676,1801,905,0,4
1679,1654,774,0,4
1679,1656,774,0,4
1679,1658,774,0,4
1679,1661,774,0,4
1679,1662,774,0,4
1679,1663,774,0,4
1679,1666,774,0,4
1679,1667,774,0,4
1679,1668,774,0,4
1681,1806,949,0,4
1684,1676,600,0,4
1687,1699,710,0,4
1688,1676,535,0,4
1689,1676,731,0,4
1690,1815,600,0,4
1691,1676,600,0,4
1692,1676,600,0,4
1693,1676,862,0,4
1694,1676,644,0,4
1694,1819,601,0,4
1695,1676,731,0,4
1695,1820,579,0,4
1697,1822,644,0,4
1698,1676,644,0,4
1698,1823,601,0,4
1699,1676,819,0,4
1699,1687,688,0,4
1699,1824,688,0,4
1700,1825,644,0,4
1701,1676,841,0,4
1701,1826,601,0,4
1702,1676,841,0,4
1702,1827,601,0,4
1703,1676,688,0,4
1703,1828,601,0,4
1704,1676,732,0,4
1704,1829,645,0,4
1705,1676,819,0,4
1706,1831,645,0,4
1707,1740,1060,0,4
1707,1832,645,0,4
1708,1676,732,0,4
1708,1712,711,0,4
1708,1833,645,0,4
1709,1676,776,0,4
1710,1585,667,0,4
1712,1708,711,0,4
1713,1676,776,0,4
1714,1746,1017,0,4
1715,1676,732,0,4
1720,1676,776,0,4
1722,1740,1061,0,4
1724,1599,777,0,4
1726,1601,777,0,4
1727,1602,777,0,4
1727,1676,864,0,4
1728,1603,777,0,4
1730,1676,864,0,4
1731,1606,777,0,4
1732,1607,864,0,4
1734,1609,908,0,4
1735,1610,864,0,4
1736,1676,843,0,4
1737,1676,843,0,4
1739,1614,865,0,4
1739,1676,865,0,4
1740,1615,908,0,4
1740,1706,1061,0,4
1740,1707,1061,0,4
1740,1708,1061,0,4
1740,1722,1061,0,4
1740,1768,1083,0,4
1741,1616,865,0,4
1741,1676,865,0,4
1742,1617,865,0,4
1742,1676,865,0,4
1743,1618,865,0,4
1743,1676,865,0,4
1744,1619,909,0,4
1745,1620,887,0,4
1746,1621,909,0,4
1746,1714,1018,0,4
1747,1622,909,0,4
1748,1623,909,0,4
1750,1625,931,0,4
1752,1627,996,0,4
1754,1629,1040,0,4
1755,1630,996,0,4
1758,1633,953,0,4
1759,1634,997,0,4
1760,1635,1040,0,4
1761,1636,997,0,4
1762,1637,997,0,4
1763,1638,997,0,4
1764,1639,1041,0,4
1765,1640,1019,0,4
1766,1641,1041,0,4
1767,1642,1041,0,4
1767,1773,1412,0,4
1768,1643,1041,0,4
1768,1740,1084,0,4
1769,1644,1128,0,4
1770,1645,1084,0,4
1771,1646,1041,0,4
1772,1647,1063,0,4
1773,1648,1041,0,4
1773,1767,1412,0,4
1774,1649,1085,0,4
1775,1650,1128,0,4
1776,1651,1085,0,4
1777,1652,1085,0,4
1778,1653,1085,0,4
1779,1654,1129,0,4
1779,1794,1544,0,4
1779,1798,1544,0,4
1779,1804,1544,0,4
1780,1655,1107,0,4
1781,1656,1129,0,4
1781,1804,1544,0,4
1782,1657,1129,0,4
1783,1658,1129,0,4
1783,1804,1544,0,4
1784,1659,1173,0,4
1785,1660,1151,0,4
1786,1661,1129,0,4
1786,1804,1544,0,4
1787,1662,1216,0,4
1787,1804,1544,0,4
1788,1663,1173,0,4
1789,1664,1260,0,4
1790,1665,1216,0,4
1791,1666,1173,0,4
1791,1804,4,0,4
1792,1667,1173,0,4
1792,1804,1566,0,4
1793,1668,1173,0,4
1793,1804,1566,0,4
1794,1669,1217,0,4
1794,1779,1522,0,4
1795,1670,1260,0,4
1796,1671,1217,0,4
1797,1672,1217,0,4
1798,1673,1217,0,4
1798,1779,1522,0,4
1800,1675,1239,0,4
1801,1584,1545,0,4
1801,1588,1545,0,4
1801,1590,1545,0,4
1801,1595,1545,0,4
1801,1599,48,0,4
1801,1602,48,0,4
1801,1603,48,0,4
1801,1604,48,0,4
1801,1605,48,0,4
1801,1606,48,0,4
1801,1607,48,0,4
1801,1608,48,0,4
1801,1609,113,0,4
1801,1610,48,0,4
1801,1611,48,0,4
1801,1612,48,0,4
1801,1613,113,0,4
1801,1614,48,0,4
1801,1615,113,0,4
1801,1616,48,0,4
1801,1617,48,0,4
1801,1618,48,0,4
1801,1619,113,0,4
1801,1620,48,0,4
1801,1621,113,0,4
1801,1622,113,0,4
1801,1623,113,0,4
1801,1624,113,0,4
1801,1625,113,0,4
1801,1626,113,0,4
1801,1627,113,0,4
1801,1628,113,0,4
1801,1629,113,0,4
1801,1630,113,0,4
1801,1631,113,0,4
1801,1632,113,0,4
1801,1633,113,0,4
1801,1634,113,0,4
1801,1635,113,0,4
1801,1636,113,0,4
1801,1637,113,0,4
1801,1638,113,0,4
1801,1639,113,0,4
1801,1640,113,0,4
1801,1641,113,0,4
1801,1642,113,0,4
1801,1643,113,0,4
1801,1644,113,0,4
1801,1645,113,0,4
1801,1646,113,0,4
1801,1647,113,0,4
1801,1648,113,0,4
1801,1649,113,0,4
1801,1650,113,0,4
1801,1651,113,0,4
1801,1652,113,0,4
1801,1653,113,0,4
1801,1654,113,0,4
1801,1655,113,0,4
1801,1656,113,0,4
1801,1657,113,0,4
1801,1658,113,0,4
1801,1659,113,0,4
1801,1660,113,0,4
1801,1661,113,0,4
1801,1662,113,0,4
1801,1663,113,0,4
1801,1664,113,0,4
1801,1665,113,0,4
1801,1666,113,0,4
1801,1667,113,0,4
1801,1668,113,0,4
1801,1669,113,0,4
1801,1670,113,0,4
1801,1671,113,0,4
1801,1672,113,0,4
1801,1673,113,0,4
1801,1675,113,0,4
1801,1809,1392,0,4
1801,1813,1327,0,4
1801,1814,1545,0,4
1801,1816,1392,0,4
1801,1817,1392,0,4
1801,1818,48,0,4
1801,1819,1414,0,4
1801,1820,1545,0,4
1801,1821,48,0,4
1801,1822,48,0,4
1801,1823,1414,0,4
1801,1824,26,0,4
1801,1825,48,0,4
1801,1826,48,0,4
1801,1827,48,0,4
1801,1828,1479,0,4
1801,1829,1545,0,4
1801,1830,26,0,4
1801,1833,1545,0,4
1804,1779,1566,0,4
1804,1781,1566,0,4
1804,1783,1566,0,4
1804,1786,1566,0,4
1804,1787,1566,0,4
1804,1788,1566,0,4
1804,1791,1566,0,4
1804,1792,1566,0,4
1804,1793,1566,0,4
1806,1681,1261,0,4
1809,1801,1392,0,4
1812,1824,1502,0,4
1813,1801,1327,0,4
1814,1801,1523,0,4
1815,1690,136,0,4
1816,1801,1392,0,4
1817,1801,1392,0,4
1818,1801,70,0,4
1819,1694,224,0,4
1819,1801,1436,0,4
1820,1695,180,0,4
1820,1801,1523,0,4
1822,1697,224,0,4
1823,1698,224,0,4
1823,1801,1436,0,4
1824,1699,289,0,4
1824,1801,27,0,4
1824,1812,1480,0,4
1825,1700,224,0,4
1826,1701,224,0,4
1826,1801,49,0,4
1827,1702,224,0,4
1827,1801,49,0,4
1828,1703,289,0,4
1828,1801,1480,0,4
1829,1704,268,0,4
1829,1801,1524,0,4
1830,1801,27,0,4
1831,1706,268,0,4
1832,1615,268,0,4
1832,1707,268,0,4
1833,1587,1503,0,4
1833,1708,268,0,4
1833,1801,1524,0,4
